1231
1369
2457
2527
2528
2530
2547
2548
2556
2557
2558
2564
2565
2566
2581
2582
2616
2618
2619
2620
2622
2624
2628
2630
2633
2634
2672
2675
2678
2681
2686
2687
2688
2689
2690
2704
2705
2722
2725
2726
2728
2729
2730
2734
2742
2755
2756
2757
2758
2759
2760
2761
2769
2771
2773
2774
2776
2778
2779
2782
2802
2805
2811
2812
2818
2821
2826
2864
2865
2870
2873
2876
2883
2887
2905
2906
2907
2910
2936
2938
2939
2940
2943
2966
2967
2968
2969
2970
2971
2984
2992
2993
3013
3023
3024
3025
3031
3033
3034
3035
3057
3066
3069
3070
3076
3077
3078
3079
3080
3081
3082
3083
3084
3086
3087
3097
3101
3102
3103
3104
3105
3106
3107
3108
3109
3110
3111
3112
3113
3114
3115
3116
3117
3118
3119
3120
3121
3128
3136
3137
3138
3152
3153
3155
3156
3158
3160
3161
3162
3177
3190
3192
3193
3196
3197
3198
3199
3202
3205
3206
3249
3250
3251
3252
3253
3254
3255
3256
3257
3258
3259
3261
3262
3264
3265
3287
3289
3292
3293
3294
3295
3297
3301
3308
3311
3316
3317
3318
3321
3325
3326
3327
3330
3331
3332
3333
3334
3335
3336
3337
3339
3340
3341
3342
3343
3344
3345
3346
3347
3348
3349
3350
3351
3353
3355
3356
3357
3358
3359
3360
3361
3362
3363
3364
3365
3366
3371
3374
3378
3379
3386
3390
3394
3396
3397
3409
3417
3418
3419
3420
3421
3423
3435
3436
3519
3748
3751
3755
3768
3772
3788
3856
3858
3881
3902
3909
3948
3954
3957
3959
3961
3962
3967
4066
4091
4110
4150
4191
4234
4260
4317
4318
4332
4456
4575
4580
4598
4863
4894
4908
4909
4910
5005
5071
5298
5361
5364
5366
5371
5372
5498
5502
5512
5616
5619
5624
5626
5654
5661
5662
5663
5665
5673
607
887
