1231
1301
1369
1420
1460
1500
1519
160
1864
2255
2447
2457
2527
2528
2530
2547
2548
2556
2557
2558
2564
2565
2566
2581
2582
2616
2618
2619
2620
2622
2624
2628
2630
2633
2634
2672
2675
2678
268
2681
2686
2687
2688
2689
2690
2704
2705
2722
2725
2726
2728
2729
2730
2734
2742
2755
2756
2757
2758
2759
276
2760
2761
2769
2771
2773
2774
2776
2778
2779
2782
2802
2805
2811
2812
2818
2821
2826
2864
2865
2870
2873
2876
2883
2887
2905
2906
2907
2910
2936
2938
2939
2940
2943
2966
2967
2968
2969
2970
2971
2984
2992
2993
3013
3023
3024
3025
3031
3033
3034
3035
3057
3066
3069
3070
3076
3077
3078
3079
3080
3081
3082
3083
3084
3086
3087
3097
3101
3102
3103
3104
3105
3106
3107
3108
3109
3110
3111
3112
3113
3114
3115
3116
3117
3118
3119
3120
3121
3128
3136
3137
3138
3152
3153
3155
3156
3158
3160
3161
3162
3177
3190
3192
3193
3196
3197
3198
3199
3202
3205
3206
3249
3250
3251
3252
3253
3254
3255
3256
3257
3258
3259
3261
3262
3264
3265
3287
3289
3292
3293
3294
3295
3297
3301
3308
3311
3316
3317
3318
3321
3325
3326
3327
3330
3331
3332
3333
3334
3335
3336
3337
3339
3340
3341
3342
3343
3344
3345
3346
3347
3348
3349
3350
3351
3353
3355
3356
3357
3358
3359
3360
3361
3362
3363
3364
3365
3366
3371
3374
3378
3379
3386
3390
3394
3396
3397
3409
3417
3418
3419
3420
3421
3423
3426
3427
3428
3429
3431
3433
3435
3436
3437
3439
3440
3441
3442
3443
3444
3446
3448
3450
3451
3452
3453
3454
3455
3456
3457
3458
3459
3460
3461
3462
3463
3464
3465
3466
3467
3468
3469
3470
3472
3473
3474
3476
3477
3478
3479
3480
3481
3484
3485
3486
3487
3488
3489
3490
3491
3492
3495
3496
3497
3498
3499
3500
3501
3504
3505
3507
3508
3509
3513
3514
3515
3516
3517
3518
3519
3523
3524
3525
3527
3529
3530
3533
3534
3535
3537
3541
3542
3543
3544
3545
3546
3547
3548
3549
355
3550
3551
3552
3553
3554
3556
3557
3560
3561
3563
3564
3565
3566
3568
3569
3570
3572
3573
3575
3576
3578
3579
3580
3581
3582
3583
3584
3585
3586
3587
3588
3591
3592
3594
3596
3597
3598
3599
3600
3601
3602
3604
3605
3606
3608
3609
3611
3612
3613
3615
3618
3619
3620
3621
3622
3623
3624
3625
3626
3631
3632
3634
3635
3636
3637
3639
3641
3642
3643
3644
3645
3646
3647
3648
3649
3650
3651
3652
3653
3655
3656
3657
3659
3661
3663
3664
3665
3666
3667
3668
3669
3670
3671
3673
3674
3675
3676
3677
3678
3682
3683
3684
3689
3691
3692
3693
3694
3695
3696
3697
3698
3699
3700
3701
3702
3703
3705
3706
3707
3708
3709
3710
3711
3712
3713
3715
3716
3717
3718
3719
3720
3721
3722
3723
3724
3725
3726
3727
3729
3730
3731
3732
3733
3735
3736
3737
3738
3739
3740
3741
3744
3746
3747
3748
3749
3751
3752
3753
3755
3756
3758
3759
3760
3761
3762
3763
3764
3765
3767
3768
3770
3771
3772
3775
3780
3782
3783
3784
3785
3786
3787
3788
3789
3792
3793
3794
3795
3796
3798
3800
3801
3802
3803
3805
3806
3807
3811
3814
3816
3817
3818
3819
3821
3823
3824
3825
3826
3827
3828
3829
3830
3831
3832
3833
3835
3836
3837
3838
3839
3840
3841
3842
3844
3845
3846
3851
3852
3855
3856
3857
3858
3859
3860
3861
3862
3863
3864
3865
3866
3867
3868
3869
3870
3871
3872
3873
3874
3875
3876
3877
3878
3879
3880
3881
3882
3885
3886
3887
3888
3889
3890
3891
3892
3894
3895
3896
3897
3898
3899
3900
3902
3903
3906
3909
3911
3912
3913
3914
3915
3916
3918
3919
3920
3921
3922
3923
3924
3925
3926
3927
3928
3929
3930
3931
3932
3933
3934
3935
3936
3937
3938
3939
3940
3941
3942
3943
3944
3945
3947
3948
3953
3954
3956
3957
3959
3961
3962
3963
3964
3965
3966
3967
3968
3977
3980
3981
3986
3990
3991
3992
3993
3994
3996
3998
3999
4000
4001
4002
4006
4007
4008
4009
4010
4012
4013
4014
4015
4016
4017
4018
4019
4020
4021
4022
4023
4024
4025
4026
4027
4028
4029
4031
4032
4034
4036
4040
4045
4046
4047
4049
4051
4055
4057
4058
4060
4061
4062
4066
4067
4072
4076
4077
4080
4081
4082
4084
4086
4088
4089
4090
4091
4092
4093
4094
4095
4097
4102
4103
4105
4106
4107
4108
4109
4110
4111
4112
4114
4115
4116
4118
4119
4120
4121
4122
4124
4125
4126
4128
4130
4131
4132
4133
4134
4135
4137
4138
4139
4140
4143
4144
4145
4146
4147
4148
4150
4151
4152
4153
4155
4156
4157
4158
4159
4160
4161
4164
4165
4167
4168
4169
4170
4173
4174
4176
4179
4181
4182
4184
4187
4188
4189
4190
4191
4194
4202
4203
4204
4205
4206
4207
4208
4209
4210
4213
4214
4215
4216
4217
4219
4220
4221
4222
4223
4224
4225
4226
4227
4228
4229
4230
4231
4232
4233
4234
4235
4236
4237
4239
4241
4246
4247
4248
4249
4251
4252
4253
4254
4255
4256
4257
4258
4259
4260
4261
4262
4263
4264
4266
4269
4270
4271
4273
4274
4275
4276
4278
4280
4281
4282
4285
4287
4291
4294
4295
4296
4297
4298
4299
4300
4301
4304
4305
4308
4309
4310
4317
4318
4319
4320
4325
4332
4334
4342
4343
4345
4346
4347
4350
4351
4356
4359
4362
4363
4370
4371
4372
4373
4374
4375
4376
4377
4378
4381
4385
4389
4392
4394
4396
4398
4399
4400
4401
4404
4405
4406
4407
4410
4414
4415
4418
4419
4420
4421
4422
4424
4425
4426
4427
4428
4432
4433
4434
4436
4437
4438
4439
4440
4441
4442
4443
4444
4446
4447
4448
4449
4450
4451
4452
4453
4456
4457
4458
4459
4460
4462
4464
4466
4468
4469
4470
4472
4473
4476
4478
4480
4482
4483
4484
4485
4486
4487
4488
4489
4490
4491
4492
4493
4494
4495
4496
4497
4498
4499
4500
4501
4502
4503
4504
4505
4506
4507
4508
4509
4511
4512
4513
4514
4515
4517
4518
4519
4520
4521
4522
4523
4524
4525
4526
4527
4528
4529
4530
4531
4532
4533
4534
4535
4536
4537
4538
4539
4540
4541
4542
4543
4544
4545
4546
4547
4548
4549
4550
4551
4552
4553
4554
4555
4556
4557
4558
4559
4560
4561
4562
4564
4565
4566
4567
4568
4569
4570
4571
4572
4573
4574
4575
4576
4577
4580
4581
4582
4583
4584
4585
4586
4587
4590
4591
4592
4593
4595
4596
4597
4598
4599
4600
4602
4603
4604
4605
4606
4607
4608
4609
4611
4612
4613
4614
4615
4616
4617
4618
4619
4621
4622
4623
4624
4625
4626
4627
4629
4630
4631
4632
4633
4634
4635
4636
4637
4638
4639
4640
4641
4642
4643
4644
4645
4646
4647
4648
4649
4650
4651
4652
4653
4654
4655
4656
4657
4658
4659
4660
4661
4662
4663
4664
4665
4666
4667
4668
4669
4672
4673
4674
4675
4676
4677
4678
4679
4680
4681
4683
4685
4686
4687
4689
4690
4691
4692
4695
4696
4697
4701
4702
4703
4704
4705
4706
4707
4708
4712
4713
4714
4716
4717
4718
4719
4720
4721
4723
4724
4725
4726
4727
4730
4732
4733
4734
4735
4736
4738
4741
4742
4743
4744
4745
4746
4748
4749
4750
4751
4752
4753
4754
4755
4757
4758
4760
4761
4762
4763
4764
4765
4766
4767
4768
4769
4770
4771
4772
4773
4774
4775
4776
4777
4778
4779
4780
4781
4782
4783
4784
4785
4786
4787
4788
4789
479
4791
4792
4793
4794
4795
4797
4798
4799
4800
4801
4802
4803
4804
4805
4806
4807
4808
4809
4810
4811
4812
4813
4814
4815
4818
4819
4820
4821
4822
4823
4824
4825
4826
4827
4829
4830
4832
4833
4834
4835
4836
4837
4838
4839
4840
4841
4843
4845
4846
4847
4848
4852
4853
4854
4855
4856
4857
4858
4859
4860
4861
4862
4863
4866
4867
4868
4869
4870
4871
4872
4873
4874
4875
4877
4878
4879
4880
4881
4882
4883
4884
4885
4886
4887
4888
4889
4890
4891
4892
4893
4894
4895
4898
4901
4902
4905
4906
4908
4909
4910
4911
4912
4914
4915
4916
4917
4918
4919
4921
4922
4923
4925
4927
4928
4929
4930
4931
4932
4933
4934
4936
4937
4938
4939
4940
4942
4944
4945
4946
4948
4949
4950
4951
4952
4953
4954
4956
4957
4958
4959
4960
4963
4964
4965
4966
4967
4968
4969
4970
4971
4973
4975
4976
4977
4978
4979
4980
4981
4982
4983
4984
4985
4986
4987
4988
4989
4990
4991
4992
4994
4998
5000
5001
5002
5003
5004
5005
5006
5007
5008
5010
5011
5012
5013
5014
5015
5019
5024
5027
5028
5029
503
5030
5031
5032
5033
5034
5035
5036
5037
5039
5040
5042
5043
5044
5047
5050
5053
5054
5056
5057
5058
5059
5060
5061
5062
5063
5064
5065
5066
5067
5068
5071
5073
5074
5075
5076
5077
5078
5080
5081
5082
5083
5084
5085
5086
5087
5088
5089
5090
5091
5092
5093
5094
5096
5097
5098
5099
5100
5101
5102
5104
5105
5106
5107
5108
5109
5110
5111
5112
5113
5114
5115
5116
5117
5118
5119
5121
5122
5123
5124
5125
5127
5128
5129
5130
5131
5132
5133
5134
5138
5139
5140
5141
5142
5143
5144
5146
5147
5149
5150
5151
5152
5153
5154
5155
5156
5157
5160
5161
5162
5164
5165
5166
5167
5168
5169
5170
5171
5172
5173
5174
5175
5176
5177
5178
5179
5180
5181
5182
5183
5184
5185
5186
5187
5188
5189
5190
5191
5192
5193
5194
5195
5196
5197
5198
5199
5200
5201
5202
5203
5204
5205
5206
5207
5208
5209
5210
5211
5212
5213
5214
5215
5216
5217
5218
5219
5220
5221
5224
5225
5226
5227
5228
5229
5230
5231
5232
5233
5234
5235
5236
5237
5238
5239
5240
5241
5245
5246
5247
5248
5249
5250
5251
5253
5254
5255
5256
5257
5258
5259
5260
5261
5262
5263
5264
5265
5266
5267
5268
5269
5271
5272
5273
5274
5275
5276
5277
5278
5279
5280
5281
5282
5283
5284
5285
5286
5287
5288
5289
5290
5291
5292
5293
5294
5295
5296
5297
5298
5299
5300
5301
5302
5304
5306
5307
5310
5311
5313
5314
5315
5316
5317
5320
5321
5322
5323
5324
5325
5326
5328
5329
5331
5332
5333
5334
5336
5337
5338
5339
5340
5341
5342
5343
5344
5346
5347
5348
5350
5351
5352
5353
5354
5355
5356
5357
5358
5361
5362
5364
5366
5367
5368
5371
5372
5373
5374
5375
5377
5378
5379
5380
5384
5385
5386
5387
5388
5389
5390
5391
5392
5393
5394
5395
5396
5397
5398
5399
5401
5402
5403
5404
5405
5406
5407
5408
5409
5410
5411
5412
5413
5414
5415
5416
5417
5418
5419
5420
5421
5422
5423
5425
5426
5427
5428
5429
5430
5431
5432
5433
5434
5435
5436
5437
5438
5439
5440
5441
5443
5444
5447
5448
5451
5452
5453
5454
5455
5456
5457
5459
5462
5463
5464
5465
5470
5472
5473
5474
5475
5476
5477
5478
5479
5480
5481
5482
5483
5484
5485
5486
5487
5488
5489
5490
5491
5493
5494
5495
5496
5498
5499
5501
5502
5504
5506
5507
5509
5510
5511
5512
5514
5515
5516
5517
5518
5519
5520
5521
5522
5523
5524
5525
5526
5527
5529
5530
5531
5532
5533
5534
5535
5536
5537
5539
5542
5543
5544
5545
5546
5547
5548
5550
5551
5552
5553
5554
5555
5556
5557
5558
5559
5560
5561
5562
5563
5564
5566
5567
5568
5569
5570
5571
5572
5573
5574
5575
5576
5584
5589
5592
5595
5596
5597
5598
5604
5610
5613
5614
5616
5619
5624
5626
5628
5629
5630
5634
5636
5641
5644
5649
5650
5651
5652
5654
5655
5661
5662
5663
5665
5666
5667
5668
5669
5671
5672
5673
5674
5677
5678
598
600
607
880
887
