2528
2530
2564
2565
2581
2582
2618
2619
2620
2624
2628
2630
2633
2634
2672
2675
2688
2689
2690
2722
2725
2726
2734
2742
2755
2756
2757
2758
2759
2760
2761
2773
2774
2779
2805
2812
2818
2821
2870
2873
2883
2905
2936
2939
2943
2966
2967
2968
2969
2971
2984
2992
2993
3013
3023
3024
3025
3031
3033
3057
3076
3077
3078
3079
3080
3081
3082
3083
3084
3104
3105
3106
3107
3108
3109
3110
3111
3112
3113
3114
3115
3116
3117
3118
3119
3120
3121
3128
3136
3137
3138
3152
3160
3177
3190
3193
3205
3206
3249
3250
3251
3252
3253
3254
3255
3256
3257
3258
3259
3261
3262
3264
3287
3292
3295
3297
3311
3316
3317
3318
3321
3330
3331
3332
3333
3334
3335
3336
3337
3339
3340
3341
3343
3344
3345
3346
3347
3348
3349
3350
3351
3353
3355
3356
3357
3358
3359
3360
3361
3362
3363
3364
3366
3374
3378
3386
3390
3396
3397
3409
3418
3423
