from	to	weight
2565	2722	0.5
2565	2782	0.5
2565	2812	0.5
2565	2883	0.5
2565	2939	0.5
2565	2943	0.5
2565	3023	0.5
2565	3069	0.5
2565	3109	0.5
2565	3111	0.5
2565	3119	0.5
2565	3199	0.5
2565	3258	0.5
2565	3321	0.5
2565	3366	0.5
2565	3881	0.5
2722	2782	1.0
2722	2812	1.0
2722	2883	1.0
2722	2939	1.0
2722	2943	1.0
2722	3023	1.0
2722	3069	1.0
2722	3109	0.5
2722	3111	1.0
2722	3119	1.0
2722	3199	0.5
2722	3258	1.0
2722	3321	1.0
2722	3366	1.0
2722	3881	1.0
2782	2812	1.0
2782	2883	1.0
2782	2939	1.0
2782	2943	1.0
2782	3023	1.0
2782	3069	1.0
2782	3109	0.5
2782	3111	1.0
2782	3119	1.0
2782	3199	0.5
2782	3258	1.0
2782	3321	1.0
2782	3366	1.0
2782	3881	1.0
2812	2883	1.0
2812	2939	1.0
2812	2943	1.0
2812	3023	1.0
2812	3069	1.0
2812	3109	0.5
2812	3111	1.0
2812	3119	1.0
2812	3199	0.5
2812	3258	1.0
2812	3321	1.0
2812	3366	1.0
2812	3881	1.0
2883	2939	1.0
2883	2943	1.0
2883	3023	1.0
2883	3069	1.0
2883	3109	0.5
2883	3111	1.0
2883	3119	1.0
2883	3199	0.5
2883	3258	1.0
2883	3321	1.0
2883	3366	1.0
2883	3881	1.0
2939	2943	1.0
2939	3023	1.0
2939	3069	1.0
2939	3109	0.5
2939	3111	1.0
2939	3119	1.0
2939	3199	0.5
2939	3258	1.0
2939	3321	1.0
2939	3366	1.0
2939	3881	1.0
2943	3023	1.0
2943	3069	1.0
2943	3109	0.5
2943	3111	1.0
2943	3119	1.0
2943	3199	0.5
2943	3258	1.0
2943	3321	1.0
2943	3366	1.0
2943	3881	1.0
3023	3069	1.0
3023	3109	0.5
3023	3111	1.0
3023	3119	1.0
3023	3199	0.5
3023	3258	1.0
3023	3321	1.0
3023	3366	1.0
3023	3881	1.0
3069	3109	0.5
3069	3111	1.0
3069	3119	1.0
3069	3199	0.5
3069	3258	1.0
3069	3321	1.0
3069	3366	1.0
3069	3881	1.0
3109	3111	0.5
3109	3119	0.5
3109	3199	0.5
3109	3258	0.5
3109	3321	0.5
3109	3366	0.5
3109	3881	0.5
3111	3119	1.0
3111	3199	0.5
3111	3258	1.0
3111	3321	1.0
3111	3366	1.0
3111	3881	1.0
3119	3199	0.5
3119	3258	1.0
3119	3321	1.0
3119	3366	1.0
3119	3881	1.0
3199	3258	0.5
3199	3321	0.5
3199	3366	0.5
3199	3881	0.5
3258	3321	1.0
3258	3366	1.0
3258	3881	1.0
3321	3366	1.0
3321	3881	1.0
3366	3881	1.0
2564	3114	1.0
2564	3116	1.0
2564	3160	1.0
2564	3193	1.0
2564	3252	0.333333333333
2564	3295	1.0
2564	3297	1.0
2564	3318	1.0
2564	3336	0.25
2564	3345	1.0
2564	3350	0.333333333333
2564	3359	0.333333333333
2564	3371	0.5
2564	3390	1.0
2564	3420	1.0
2564	5364	0.5
2564	5616	0.5
2564	5673	1.0
3114	3116	1.0
3114	3160	1.0
3114	3193	1.0
3114	3252	0.333333333333
3114	3295	1.0
3114	3297	1.0
3114	3318	1.0
3114	3336	0.25
3114	3345	1.0
3114	3350	0.333333333333
3114	3359	0.333333333333
3114	3371	0.5
3114	3390	1.0
3114	3420	1.0
3114	5364	0.5
3114	5616	0.5
3114	5673	1.0
3116	3160	1.0
3116	3193	1.0
3116	3252	0.333333333333
3116	3295	1.0
3116	3297	1.0
3116	3318	1.0
3116	3336	0.25
3116	3345	1.0
3116	3350	0.333333333333
3116	3359	0.333333333333
3116	3371	0.5
3116	3390	1.0
3116	3420	1.0
3116	5364	0.5
3116	5616	0.5
3116	5673	1.0
3160	3193	1.0
3160	3252	0.333333333333
3160	3295	1.0
3160	3297	1.0
3160	3318	1.0
3160	3336	0.25
3160	3345	1.0
3160	3350	0.333333333333
3160	3359	0.333333333333
3160	3371	0.5
3160	3390	1.0
3160	3420	1.0
3160	5364	0.5
3160	5616	0.5
3160	5673	1.0
3193	3252	0.333333333333
3193	3295	1.0
3193	3297	1.0
3193	3318	1.0
3193	3336	0.25
3193	3345	1.0
3193	3350	0.333333333333
3193	3359	0.333333333333
3193	3371	0.5
3193	3390	1.0
3193	3420	1.0
3193	5364	0.5
3193	5616	0.5
3193	5673	1.0
3252	3295	0.333333333333
3252	3297	0.333333333333
3252	3318	0.333333333333
3252	3336	0.25
3252	3345	0.333333333333
3252	3350	0.333333333333
3252	3359	0.333333333333
3252	3371	0.333333333333
3252	3390	0.333333333333
3252	3420	0.333333333333
3252	5364	0.333333333333
3252	5616	0.333333333333
3252	5673	0.333333333333
3295	3297	1.0
3295	3318	1.0
3295	3336	0.25
3295	3345	1.0
3295	3350	0.333333333333
3295	3359	0.333333333333
3295	3371	0.5
3295	3390	1.0
3295	3420	1.0
3295	5364	0.5
3295	5616	0.5
3295	5673	1.0
3297	3318	1.0
3297	3336	0.25
3297	3345	1.0
3297	3350	0.333333333333
3297	3359	0.333333333333
3297	3371	0.5
3297	3390	1.0
3297	3420	1.0
3297	5364	0.5
3297	5616	0.5
3297	5673	1.0
3318	3336	0.25
3318	3345	1.0
3318	3350	0.333333333333
3318	3359	0.333333333333
3318	3371	0.5
3318	3390	1.0
3318	3420	1.0
3318	5364	0.5
3318	5616	0.5
3318	5673	1.0
3336	3345	0.25
3336	3350	0.25
3336	3359	0.25
3336	3371	0.25
3336	3390	0.25
3336	3420	0.25
3336	5364	0.25
3336	5616	0.25
3336	5673	0.25
3345	3350	0.333333333333
3345	3359	0.333333333333
3345	3371	0.5
3345	3390	1.0
3345	3420	1.0
3345	5364	0.5
3345	5616	0.5
3345	5673	1.0
3350	3359	0.333333333333
3350	3371	0.333333333333
3350	3390	0.333333333333
3350	3420	0.333333333333
3350	5364	0.333333333333
3350	5616	0.333333333333
3350	5673	0.333333333333
3359	3371	0.333333333333
3359	3390	0.333333333333
3359	3420	0.333333333333
3359	5364	0.333333333333
3359	5616	0.333333333333
3359	5673	0.333333333333
3371	3390	0.5
3371	3420	0.5
3371	5364	0.5
3371	5616	0.5
3371	5673	0.5
3390	3420	1.0
3390	5364	0.5
3390	5616	0.5
3390	5673	1.0
3420	5364	0.5
3420	5616	0.5
3420	5673	1.0
5364	5616	0.5
5364	5673	0.5
5616	5673	0.5
2776	3087	0.333333333333
2776	3308	0.333333333333
2776	3326	0.333333333333
2776	3331	0.333333333333
2776	3332	0.333333333333
2776	3333	0.333333333333
2776	3334	0.333333333333
2776	3335	0.333333333333
2776	3336	0.25
2776	3337	0.333333333333
2776	3343	0.333333333333
2776	3346	0.333333333333
2776	3348	0.333333333333
2776	3350	0.333333333333
2776	3356	0.333333333333
2776	3358	0.333333333333
2776	3359	0.333333333333
2776	3361	0.333333333333
2776	3362	0.333333333333
2776	3419	0.333333333333
2776	3436	0.333333333333
2776	4456	0.333333333333
2776	5364	0.333333333333
2776	5626	0.333333333333
3087	3308	1.0
3087	3326	1.0
3087	3331	1.0
3087	3332	1.0
3087	3333	0.5
3087	3334	1.0
3087	3335	1.0
3087	3336	0.25
3087	3337	1.0
3087	3343	1.0
3087	3346	1.0
3087	3348	1.0
3087	3350	0.333333333333
3087	3356	1.0
3087	3358	1.0
3087	3359	0.333333333333
3087	3361	1.0
3087	3362	1.0
3087	3419	1.0
3087	3436	1.0
3087	4456	0.333333333333
3087	5364	0.5
3087	5626	0.5
3308	3326	1.0
3308	3331	1.0
3308	3332	1.0
3308	3333	0.5
3308	3334	1.0
3308	3335	1.0
3308	3336	0.25
3308	3337	1.0
3308	3343	1.0
3308	3346	1.0
3308	3348	1.0
3308	3350	0.333333333333
3308	3356	1.0
3308	3358	1.0
3308	3359	0.333333333333
3308	3361	1.0
3308	3362	1.0
3308	3419	1.0
3308	3436	1.0
3308	4456	0.333333333333
3308	5364	0.5
3308	5626	0.5
3326	3331	1.0
3326	3332	1.0
3326	3333	0.5
3326	3334	1.0
3326	3335	1.0
3326	3336	0.25
3326	3337	1.0
3326	3343	1.0
3326	3346	1.0
3326	3348	1.0
3326	3350	0.333333333333
3326	3356	1.0
3326	3358	1.0
3326	3359	0.333333333333
3326	3361	1.0
3326	3362	1.0
3326	3419	1.0
3326	3436	1.0
3326	4456	0.333333333333
3326	5364	0.5
3326	5626	0.5
3331	3332	1.0
3331	3333	0.5
3331	3334	1.0
3331	3335	1.0
3331	3336	0.25
3331	3337	1.0
3331	3343	1.0
3331	3346	1.0
3331	3348	1.0
3331	3350	0.333333333333
3331	3356	1.0
3331	3358	1.0
3331	3359	0.333333333333
3331	3361	1.0
3331	3362	1.0
3331	3419	1.0
3331	3436	1.0
3331	4456	0.333333333333
3331	5364	0.5
3331	5626	0.5
3332	3333	0.5
3332	3334	1.0
3332	3335	1.0
3332	3336	0.25
3332	3337	1.0
3332	3343	1.0
3332	3346	1.0
3332	3348	1.0
3332	3350	0.333333333333
3332	3356	1.0
3332	3358	1.0
3332	3359	0.333333333333
3332	3361	1.0
3332	3362	1.0
3332	3419	1.0
3332	3436	1.0
3332	4456	0.333333333333
3332	5364	0.5
3332	5626	0.5
3333	3334	0.5
3333	3335	0.5
3333	3336	0.25
3333	3337	0.5
3333	3343	0.5
3333	3346	0.5
3333	3348	0.5
3333	3350	0.333333333333
3333	3356	0.5
3333	3358	0.5
3333	3359	0.333333333333
3333	3361	0.5
3333	3362	0.5
3333	3419	0.5
3333	3436	0.5
3333	4456	0.333333333333
3333	5364	0.5
3333	5626	0.5
3334	3335	1.0
3334	3336	0.25
3334	3337	1.0
3334	3343	1.0
3334	3346	1.0
3334	3348	1.0
3334	3350	0.333333333333
3334	3356	1.0
3334	3358	1.0
3334	3359	0.333333333333
3334	3361	1.0
3334	3362	1.0
3334	3419	1.0
3334	3436	1.0
3334	4456	0.333333333333
3334	5364	0.5
3334	5626	0.5
3335	3336	0.25
3335	3337	1.0
3335	3343	1.0
3335	3346	1.0
3335	3348	1.0
3335	3350	0.333333333333
3335	3356	1.0
3335	3358	1.0
3335	3359	0.333333333333
3335	3361	1.0
3335	3362	1.0
3335	3419	1.0
3335	3436	1.0
3335	4456	0.333333333333
3335	5364	0.5
3335	5626	0.5
3336	3337	0.25
3336	3343	0.25
3336	3346	0.25
3336	3348	0.25
3336	3350	0.25
3336	3356	0.25
3336	3358	0.25
3336	3359	0.25
3336	3361	0.25
3336	3362	0.25
3336	3419	0.25
3336	3436	0.25
3336	4456	0.25
3336	5364	0.25
3336	5626	0.25
3337	3343	1.0
3337	3346	1.0
3337	3348	1.0
3337	3350	0.333333333333
3337	3356	1.0
3337	3358	1.0
3337	3359	0.333333333333
3337	3361	1.0
3337	3362	1.0
3337	3419	1.0
3337	3436	1.0
3337	4456	0.333333333333
3337	5364	0.5
3337	5626	0.5
3343	3346	1.0
3343	3348	1.0
3343	3350	0.333333333333
3343	3356	1.0
3343	3358	1.0
3343	3359	0.333333333333
3343	3361	1.0
3343	3362	1.0
3343	3419	1.0
3343	3436	1.0
3343	4456	0.333333333333
3343	5364	0.5
3343	5626	0.5
3346	3348	1.0
3346	3350	0.333333333333
3346	3356	1.0
3346	3358	1.0
3346	3359	0.333333333333
3346	3361	1.0
3346	3362	1.0
3346	3419	1.0
3346	3436	1.0
3346	4456	0.333333333333
3346	5364	0.5
3346	5626	0.5
3348	3350	0.333333333333
3348	3356	1.0
3348	3358	1.0
3348	3359	0.333333333333
3348	3361	1.0
3348	3362	1.0
3348	3419	1.0
3348	3436	1.0
3348	4456	0.333333333333
3348	5364	0.5
3348	5626	0.5
3350	3356	0.333333333333
3350	3358	0.333333333333
3350	3359	0.333333333333
3350	3361	0.333333333333
3350	3362	0.333333333333
3350	3419	0.333333333333
3350	3436	0.333333333333
3350	4456	0.333333333333
3350	5364	0.333333333333
3350	5626	0.333333333333
3356	3358	1.0
3356	3359	0.333333333333
3356	3361	1.0
3356	3362	1.0
3356	3419	1.0
3356	3436	1.0
3356	4456	0.333333333333
3356	5364	0.5
3356	5626	0.5
3358	3359	0.333333333333
3358	3361	1.0
3358	3362	1.0
3358	3419	1.0
3358	3436	1.0
3358	4456	0.333333333333
3358	5364	0.5
3358	5626	0.5
3359	3361	0.333333333333
3359	3362	0.333333333333
3359	3419	0.333333333333
3359	3436	0.333333333333
3359	4456	0.333333333333
3359	5364	0.333333333333
3359	5626	0.333333333333
3361	3362	1.0
3361	3419	1.0
3361	3436	1.0
3361	4456	0.333333333333
3361	5364	0.5
3361	5626	0.5
3362	3419	1.0
3362	3436	1.0
3362	4456	0.333333333333
3362	5364	0.5
3362	5626	0.5
3419	3436	1.0
3419	4456	0.333333333333
3419	5364	0.5
3419	5626	0.5
3436	4456	0.333333333333
3436	5364	0.5
3436	5626	0.5
4456	5364	0.333333333333
4456	5626	0.333333333333
5364	5626	0.5
2527	2548	1.0
2527	2725	1.0
2527	2756	1.0
2527	2761	1.0
2527	2773	1.0
2527	2779	1.0
2527	3034	0.5
2527	3076	1.0
2527	3102	1.0
2527	3113	1.0
2527	3136	1.0
2527	3156	0.5
2527	3205	1.0
2527	3265	1.0
2527	3342	0.333333333333
2527	3365	0.5
2527	3858	1.0
2527	3902	1.0
2527	3948	0.5
2527	3957	0.5
2527	4910	1.0
2527	5498	1.0
2527	5654	1.0
2548	2725	1.0
2548	2756	1.0
2548	2761	1.0
2548	2773	1.0
2548	2779	1.0
2548	3034	0.5
2548	3076	1.0
2548	3102	1.0
2548	3113	1.0
2548	3136	1.0
2548	3156	0.5
2548	3205	1.0
2548	3265	1.0
2548	3342	0.333333333333
2548	3365	0.5
2548	3858	1.0
2548	3902	1.0
2548	3948	0.5
2548	3957	0.5
2548	4910	1.0
2548	5498	1.0
2548	5654	1.0
2725	2756	1.0
2725	2761	1.0
2725	2773	1.0
2725	2779	1.0
2725	3034	0.5
2725	3076	1.0
2725	3102	1.0
2725	3113	1.0
2725	3136	1.0
2725	3156	0.5
2725	3205	1.0
2725	3265	1.0
2725	3342	0.333333333333
2725	3365	0.5
2725	3858	1.0
2725	3902	1.0
2725	3948	0.5
2725	3957	0.5
2725	4910	1.0
2725	5498	1.0
2725	5654	1.0
2756	2761	1.0
2756	2773	1.0
2756	2779	1.0
2756	3034	0.5
2756	3076	1.0
2756	3102	1.0
2756	3113	1.0
2756	3136	1.0
2756	3156	0.5
2756	3205	1.0
2756	3265	1.0
2756	3342	0.333333333333
2756	3365	0.5
2756	3858	1.0
2756	3902	1.0
2756	3948	0.5
2756	3957	0.5
2756	4910	1.0
2756	5498	1.0
2756	5654	1.0
2761	2773	1.0
2761	2779	1.0
2761	3034	0.5
2761	3076	1.0
2761	3102	1.0
2761	3113	1.0
2761	3136	1.0
2761	3156	0.5
2761	3205	1.0
2761	3265	1.0
2761	3342	0.333333333333
2761	3365	0.5
2761	3858	1.0
2761	3902	1.0
2761	3948	0.5
2761	3957	0.5
2761	4910	1.0
2761	5498	1.0
2761	5654	1.0
2773	2779	1.0
2773	3034	0.5
2773	3076	1.0
2773	3102	1.0
2773	3113	1.0
2773	3136	1.0
2773	3156	0.5
2773	3205	1.0
2773	3265	1.0
2773	3342	0.333333333333
2773	3365	0.5
2773	3858	1.0
2773	3902	1.0
2773	3948	0.5
2773	3957	0.5
2773	4910	1.0
2773	5498	1.0
2773	5654	1.0
2779	3034	0.5
2779	3076	1.0
2779	3102	1.0
2779	3113	1.0
2779	3136	1.0
2779	3156	0.5
2779	3205	1.0
2779	3265	1.0
2779	3342	0.333333333333
2779	3365	0.5
2779	3858	1.0
2779	3902	1.0
2779	3948	0.5
2779	3957	0.5
2779	4910	1.0
2779	5498	1.0
2779	5654	1.0
3034	3076	0.5
3034	3102	0.5
3034	3113	0.5
3034	3136	0.5
3034	3156	0.5
3034	3205	0.5
3034	3265	0.5
3034	3342	0.333333333333
3034	3365	0.5
3034	3858	0.5
3034	3902	0.5
3034	3948	0.5
3034	3957	0.5
3034	4910	0.5
3034	5498	0.5
3034	5654	0.5
3076	3102	1.0
3076	3113	1.0
3076	3136	1.0
3076	3156	0.5
3076	3205	1.0
3076	3265	1.0
3076	3342	0.333333333333
3076	3365	0.5
3076	3858	1.0
3076	3902	1.0
3076	3948	0.5
3076	3957	0.5
3076	4910	1.0
3076	5498	1.0
3076	5654	1.0
3102	3113	1.0
3102	3136	1.0
3102	3156	0.5
3102	3205	1.0
3102	3265	1.0
3102	3342	0.333333333333
3102	3365	0.5
3102	3858	1.0
3102	3902	1.0
3102	3948	0.5
3102	3957	0.5
3102	4910	1.0
3102	5498	1.0
3102	5654	1.0
3113	3136	1.0
3113	3156	0.5
3113	3205	1.0
3113	3265	1.0
3113	3342	0.333333333333
3113	3365	0.5
3113	3858	1.0
3113	3902	1.0
3113	3948	0.5
3113	3957	0.5
3113	4910	1.0
3113	5498	1.0
3113	5654	1.0
3136	3156	0.5
3136	3205	1.0
3136	3265	1.0
3136	3342	0.333333333333
3136	3365	0.5
3136	3858	1.0
3136	3902	1.0
3136	3948	0.5
3136	3957	0.5
3136	4910	1.0
3136	5498	1.0
3136	5654	1.0
3156	3205	0.5
3156	3265	0.5
3156	3342	0.333333333333
3156	3365	0.5
3156	3858	0.5
3156	3902	0.5
3156	3948	0.5
3156	3957	0.5
3156	4910	0.5
3156	5498	0.5
3156	5654	0.5
3205	3265	1.0
3205	3342	0.333333333333
3205	3365	0.5
3205	3858	1.0
3205	3902	1.0
3205	3948	0.5
3205	3957	0.5
3205	4910	1.0
3205	5498	1.0
3205	5654	1.0
3265	3342	0.333333333333
3265	3365	0.5
3265	3858	1.0
3265	3902	1.0
3265	3948	0.5
3265	3957	0.5
3265	4910	1.0
3265	5498	1.0
3265	5654	1.0
3342	3365	0.333333333333
3342	3858	0.333333333333
3342	3902	0.333333333333
3342	3948	0.333333333333
3342	3957	0.333333333333
3342	4910	0.333333333333
3342	5498	0.333333333333
3342	5654	0.333333333333
3365	3858	0.5
3365	3902	0.5
3365	3948	0.5
3365	3957	0.5
3365	4910	0.5
3365	5498	0.5
3365	5654	0.5
3858	3902	1.0
3858	3948	0.5
3858	3957	0.5
3858	4910	1.0
3858	5498	1.0
3858	5654	1.0
3902	3948	0.5
3902	3957	0.5
3902	4910	1.0
3902	5498	1.0
3902	5654	1.0
3948	3957	0.5
3948	4910	0.5
3948	5498	0.5
3948	5654	0.5
3957	4910	0.5
3957	5498	0.5
3957	5654	0.5
4910	5498	1.0
4910	5654	1.0
5498	5654	1.0
2755	2821	1.0
1231	1369	0.5
1231	2457	0.5
1231	2776	0.333333333333
1231	3153	0.5
1231	3289	0.5
1231	3342	0.333333333333
1231	3365	0.5
1231	3961	0.5
1231	5619	0.5
1231	607	0.5
1231	887	0.5
1369	2457	0.5
1369	2776	0.333333333333
1369	3153	0.5
1369	3289	0.5
1369	3342	0.333333333333
1369	3365	0.5
1369	3961	0.5
1369	5619	0.5
1369	607	0.5
1369	887	0.5
2457	2776	0.333333333333
2457	3153	0.5
2457	3289	0.5
2457	3342	0.333333333333
2457	3365	0.5
2457	3961	0.5
2457	5619	0.5
2457	607	0.5
2457	887	0.5
2776	3153	0.333333333333
2776	3289	0.333333333333
2776	3342	0.333333333333
2776	3365	0.333333333333
2776	3961	0.333333333333
2776	5619	0.333333333333
2776	607	0.333333333333
2776	887	0.333333333333
3153	3289	0.5
3153	3342	0.333333333333
3153	3365	0.5
3153	3961	0.5
3153	5619	0.5
3153	607	0.5
3153	887	0.5
3289	3342	0.333333333333
3289	3365	0.5
3289	3961	0.5
3289	5619	0.5
3289	607	0.5
3289	887	0.5
3342	3365	0.333333333333
3342	3961	0.333333333333
3342	5619	0.333333333333
3342	607	0.333333333333
3342	887	0.333333333333
3365	3961	0.5
3365	5619	0.5
3365	607	0.5
3365	887	0.5
3961	5619	0.5
3961	607	0.5
3961	887	0.5
5619	607	0.5
5619	887	0.5
607	887	0.5
2530	3031	1.0
2530	3351	1.0
3031	3351	1.0
2993	3078	1.0
2993	3109	0.5
2993	3264	0.5
3078	3109	0.5
3078	3264	0.5
3109	3264	0.5
2672	2690	1.0
2672	3177	1.0
2690	3177	1.0
2687	3197	1.0
1231	2457	0.5
1231	2616	0.5
1231	2618	0.5
1231	2619	0.5
1231	2620	0.5
1231	2628	0.5
1231	2633	0.5
1231	2634	0.5
1231	2757	0.5
1231	2776	0.333333333333
1231	2778	0.5
1231	2826	0.5
1231	2873	0.5
1231	3066	0.5
1231	3083	0.5
1231	3097	0.5
1231	3110	0.5
1231	3115	0.5
1231	3120	0.5
1231	3121	0.5
1231	3128	0.5
1231	3153	0.5
1231	3196	0.5
1231	3249	0.5
1231	3252	0.333333333333
1231	3254	0.5
1231	3255	0.5
1231	3256	0.5
1231	3257	0.5
1231	3259	0.5
1231	3330	0.5
1231	3333	0.5
1231	3336	0.25
1231	3350	0.333333333333
1231	3359	0.333333333333
1231	3371	0.5
1231	3748	0.5
1231	4575	0.5
1231	4908	0.5
1231	5361	0.5
1231	5366	0.5
1231	5371	0.5
1231	5372	0.5
1231	5616	0.5
2457	2616	0.5
2457	2618	0.5
2457	2619	0.5
2457	2620	0.5
2457	2628	0.5
2457	2633	0.5
2457	2634	0.5
2457	2757	0.5
2457	2776	0.333333333333
2457	2778	0.5
2457	2826	0.5
2457	2873	0.5
2457	3066	0.5
2457	3083	0.5
2457	3097	0.5
2457	3110	0.5
2457	3115	0.5
2457	3120	0.5
2457	3121	0.5
2457	3128	0.5
2457	3153	0.5
2457	3196	0.5
2457	3249	0.5
2457	3252	0.333333333333
2457	3254	0.5
2457	3255	0.5
2457	3256	0.5
2457	3257	0.5
2457	3259	0.5
2457	3330	0.5
2457	3333	0.5
2457	3336	0.25
2457	3350	0.333333333333
2457	3359	0.333333333333
2457	3371	0.5
2457	3748	0.5
2457	4575	0.5
2457	4908	0.5
2457	5361	0.5
2457	5366	0.5
2457	5371	0.5
2457	5372	0.5
2457	5616	0.5
2616	2618	1.0
2616	2619	1.0
2616	2620	1.0
2616	2628	0.5
2616	2633	1.0
2616	2634	1.0
2616	2757	1.0
2616	2776	0.333333333333
2616	2778	1.0
2616	2826	1.0
2616	2873	1.0
2616	3066	0.5
2616	3083	1.0
2616	3097	1.0
2616	3110	1.0
2616	3115	1.0
2616	3120	1.0
2616	3121	1.0
2616	3128	1.0
2616	3153	0.5
2616	3196	1.0
2616	3249	1.0
2616	3252	0.333333333333
2616	3254	1.0
2616	3255	1.0
2616	3256	1.0
2616	3257	1.0
2616	3259	1.0
2616	3330	1.0
2616	3333	0.5
2616	3336	0.25
2616	3350	0.333333333333
2616	3359	0.333333333333
2616	3371	0.5
2616	3748	0.5
2616	4575	1.0
2616	4908	1.0
2616	5361	1.0
2616	5366	1.0
2616	5371	1.0
2616	5372	1.0
2616	5616	0.5
2618	2619	1.0
2618	2620	1.0
2618	2628	0.5
2618	2633	1.0
2618	2634	1.0
2618	2757	1.0
2618	2776	0.333333333333
2618	2778	1.0
2618	2826	1.0
2618	2873	1.0
2618	3066	0.5
2618	3083	1.0
2618	3097	1.0
2618	3110	1.0
2618	3115	1.0
2618	3120	1.0
2618	3121	1.0
2618	3128	1.0
2618	3153	0.5
2618	3196	1.0
2618	3249	1.0
2618	3252	0.333333333333
2618	3254	1.0
2618	3255	1.0
2618	3256	1.0
2618	3257	1.0
2618	3259	1.0
2618	3330	1.0
2618	3333	0.5
2618	3336	0.25
2618	3350	0.333333333333
2618	3359	0.333333333333
2618	3371	0.5
2618	3748	0.5
2618	4575	1.0
2618	4908	1.0
2618	5361	1.0
2618	5366	1.0
2618	5371	1.0
2618	5372	1.0
2618	5616	0.5
2619	2620	1.0
2619	2628	0.5
2619	2633	1.0
2619	2634	1.0
2619	2757	1.0
2619	2776	0.333333333333
2619	2778	1.0
2619	2826	1.0
2619	2873	1.0
2619	3066	0.5
2619	3083	1.0
2619	3097	1.0
2619	3110	1.0
2619	3115	1.0
2619	3120	1.0
2619	3121	1.0
2619	3128	1.0
2619	3153	0.5
2619	3196	1.0
2619	3249	1.0
2619	3252	0.333333333333
2619	3254	1.0
2619	3255	1.0
2619	3256	1.0
2619	3257	1.0
2619	3259	1.0
2619	3330	1.0
2619	3333	0.5
2619	3336	0.25
2619	3350	0.333333333333
2619	3359	0.333333333333
2619	3371	0.5
2619	3748	0.5
2619	4575	1.0
2619	4908	1.0
2619	5361	1.0
2619	5366	1.0
2619	5371	1.0
2619	5372	1.0
2619	5616	0.5
2620	2628	0.5
2620	2633	1.0
2620	2634	1.0
2620	2757	1.0
2620	2776	0.333333333333
2620	2778	1.0
2620	2826	1.0
2620	2873	1.0
2620	3066	0.5
2620	3083	1.0
2620	3097	1.0
2620	3110	1.0
2620	3115	1.0
2620	3120	1.0
2620	3121	1.0
2620	3128	1.0
2620	3153	0.5
2620	3196	1.0
2620	3249	1.0
2620	3252	0.333333333333
2620	3254	1.0
2620	3255	1.0
2620	3256	1.0
2620	3257	1.0
2620	3259	1.0
2620	3330	1.0
2620	3333	0.5
2620	3336	0.25
2620	3350	0.333333333333
2620	3359	0.333333333333
2620	3371	0.5
2620	3748	0.5
2620	4575	1.0
2620	4908	1.0
2620	5361	1.0
2620	5366	1.0
2620	5371	1.0
2620	5372	1.0
2620	5616	0.5
2628	2633	0.5
2628	2634	0.5
2628	2757	0.5
2628	2776	0.333333333333
2628	2778	0.5
2628	2826	0.5
2628	2873	0.5
2628	3066	0.5
2628	3083	0.5
2628	3097	0.5
2628	3110	0.5
2628	3115	0.5
2628	3120	0.5
2628	3121	0.5
2628	3128	0.5
2628	3153	0.5
2628	3196	0.5
2628	3249	0.5
2628	3252	0.333333333333
2628	3254	0.5
2628	3255	0.5
2628	3256	0.5
2628	3257	0.5
2628	3259	0.5
2628	3330	0.5
2628	3333	0.5
2628	3336	0.25
2628	3350	0.333333333333
2628	3359	0.333333333333
2628	3371	0.5
2628	3748	0.5
2628	4575	0.5
2628	4908	0.5
2628	5361	0.5
2628	5366	0.5
2628	5371	0.5
2628	5372	0.5
2628	5616	0.5
2633	2634	1.0
2633	2757	1.0
2633	2776	0.333333333333
2633	2778	1.0
2633	2826	1.0
2633	2873	1.0
2633	3066	0.5
2633	3083	1.0
2633	3097	1.0
2633	3110	1.0
2633	3115	1.0
2633	3120	1.0
2633	3121	1.0
2633	3128	1.0
2633	3153	0.5
2633	3196	1.0
2633	3249	1.0
2633	3252	0.333333333333
2633	3254	1.0
2633	3255	1.0
2633	3256	1.0
2633	3257	1.0
2633	3259	1.0
2633	3330	1.0
2633	3333	0.5
2633	3336	0.25
2633	3350	0.333333333333
2633	3359	0.333333333333
2633	3371	0.5
2633	3748	0.5
2633	4575	1.0
2633	4908	1.0
2633	5361	1.0
2633	5366	1.0
2633	5371	1.0
2633	5372	1.0
2633	5616	0.5
2634	2757	1.0
2634	2776	0.333333333333
2634	2778	1.0
2634	2826	1.0
2634	2873	1.0
2634	3066	0.5
2634	3083	1.0
2634	3097	1.0
2634	3110	1.0
2634	3115	1.0
2634	3120	1.0
2634	3121	1.0
2634	3128	1.0
2634	3153	0.5
2634	3196	1.0
2634	3249	1.0
2634	3252	0.333333333333
2634	3254	1.0
2634	3255	1.0
2634	3256	1.0
2634	3257	1.0
2634	3259	1.0
2634	3330	1.0
2634	3333	0.5
2634	3336	0.25
2634	3350	0.333333333333
2634	3359	0.333333333333
2634	3371	0.5
2634	3748	0.5
2634	4575	1.0
2634	4908	1.0
2634	5361	1.0
2634	5366	1.0
2634	5371	1.0
2634	5372	1.0
2634	5616	0.5
2757	2776	0.333333333333
2757	2778	1.0
2757	2826	1.0
2757	2873	1.0
2757	3066	0.5
2757	3083	1.0
2757	3097	1.0
2757	3110	1.0
2757	3115	1.0
2757	3120	1.0
2757	3121	1.0
2757	3128	1.0
2757	3153	0.5
2757	3196	1.0
2757	3249	1.0
2757	3252	0.333333333333
2757	3254	1.0
2757	3255	1.0
2757	3256	1.0
2757	3257	1.0
2757	3259	1.0
2757	3330	1.0
2757	3333	0.5
2757	3336	0.25
2757	3350	0.333333333333
2757	3359	0.333333333333
2757	3371	0.5
2757	3748	0.5
2757	4575	1.0
2757	4908	1.0
2757	5361	1.0
2757	5366	1.0
2757	5371	1.0
2757	5372	1.0
2757	5616	0.5
2776	2778	0.333333333333
2776	2826	0.333333333333
2776	2873	0.333333333333
2776	3066	0.333333333333
2776	3083	0.333333333333
2776	3097	0.333333333333
2776	3110	0.333333333333
2776	3115	0.333333333333
2776	3120	0.333333333333
2776	3121	0.333333333333
2776	3128	0.333333333333
2776	3153	0.333333333333
2776	3196	0.333333333333
2776	3249	0.333333333333
2776	3252	0.333333333333
2776	3254	0.333333333333
2776	3255	0.333333333333
2776	3256	0.333333333333
2776	3257	0.333333333333
2776	3259	0.333333333333
2776	3330	0.333333333333
2776	3333	0.333333333333
2776	3336	0.25
2776	3350	0.333333333333
2776	3359	0.333333333333
2776	3371	0.333333333333
2776	3748	0.333333333333
2776	4575	0.333333333333
2776	4908	0.333333333333
2776	5361	0.333333333333
2776	5366	0.333333333333
2776	5371	0.333333333333
2776	5372	0.333333333333
2776	5616	0.333333333333
2778	2826	1.0
2778	2873	1.0
2778	3066	0.5
2778	3083	1.0
2778	3097	1.0
2778	3110	1.0
2778	3115	1.0
2778	3120	1.0
2778	3121	1.0
2778	3128	1.0
2778	3153	0.5
2778	3196	1.0
2778	3249	1.0
2778	3252	0.333333333333
2778	3254	1.0
2778	3255	1.0
2778	3256	1.0
2778	3257	1.0
2778	3259	1.0
2778	3330	1.0
2778	3333	0.5
2778	3336	0.25
2778	3350	0.333333333333
2778	3359	0.333333333333
2778	3371	0.5
2778	3748	0.5
2778	4575	1.0
2778	4908	1.0
2778	5361	1.0
2778	5366	1.0
2778	5371	1.0
2778	5372	1.0
2778	5616	0.5
2826	2873	1.0
2826	3066	0.5
2826	3083	1.0
2826	3097	1.0
2826	3110	1.0
2826	3115	1.0
2826	3120	1.0
2826	3121	1.0
2826	3128	1.0
2826	3153	0.5
2826	3196	1.0
2826	3249	1.0
2826	3252	0.333333333333
2826	3254	1.0
2826	3255	1.0
2826	3256	1.0
2826	3257	1.0
2826	3259	1.0
2826	3330	1.0
2826	3333	0.5
2826	3336	0.25
2826	3350	0.333333333333
2826	3359	0.333333333333
2826	3371	0.5
2826	3748	0.5
2826	4575	1.0
2826	4908	1.0
2826	5361	1.0
2826	5366	1.0
2826	5371	1.0
2826	5372	1.0
2826	5616	0.5
2873	3066	0.5
2873	3083	1.0
2873	3097	1.0
2873	3110	1.0
2873	3115	1.0
2873	3120	1.0
2873	3121	1.0
2873	3128	1.0
2873	3153	0.5
2873	3196	1.0
2873	3249	1.0
2873	3252	0.333333333333
2873	3254	1.0
2873	3255	1.0
2873	3256	1.0
2873	3257	1.0
2873	3259	1.0
2873	3330	1.0
2873	3333	0.5
2873	3336	0.25
2873	3350	0.333333333333
2873	3359	0.333333333333
2873	3371	0.5
2873	3748	0.5
2873	4575	1.0
2873	4908	1.0
2873	5361	1.0
2873	5366	1.0
2873	5371	1.0
2873	5372	1.0
2873	5616	0.5
3066	3083	0.5
3066	3097	0.5
3066	3110	0.5
3066	3115	0.5
3066	3120	0.5
3066	3121	0.5
3066	3128	0.5
3066	3153	0.5
3066	3196	0.5
3066	3249	0.5
3066	3252	0.333333333333
3066	3254	0.5
3066	3255	0.5
3066	3256	0.5
3066	3257	0.5
3066	3259	0.5
3066	3330	0.5
3066	3333	0.5
3066	3336	0.25
3066	3350	0.333333333333
3066	3359	0.333333333333
3066	3371	0.5
3066	3748	0.5
3066	4575	0.5
3066	4908	0.5
3066	5361	0.5
3066	5366	0.5
3066	5371	0.5
3066	5372	0.5
3066	5616	0.5
3083	3097	1.0
3083	3110	1.0
3083	3115	1.0
3083	3120	1.0
3083	3121	1.0
3083	3128	1.0
3083	3153	0.5
3083	3196	1.0
3083	3249	1.0
3083	3252	0.333333333333
3083	3254	1.0
3083	3255	1.0
3083	3256	1.0
3083	3257	1.0
3083	3259	1.0
3083	3330	1.0
3083	3333	0.5
3083	3336	0.25
3083	3350	0.333333333333
3083	3359	0.333333333333
3083	3371	0.5
3083	3748	0.5
3083	4575	1.0
3083	4908	1.0
3083	5361	1.0
3083	5366	1.0
3083	5371	1.0
3083	5372	1.0
3083	5616	0.5
3097	3110	1.0
3097	3115	1.0
3097	3120	1.0
3097	3121	1.0
3097	3128	1.0
3097	3153	0.5
3097	3196	1.0
3097	3249	1.0
3097	3252	0.333333333333
3097	3254	1.0
3097	3255	1.0
3097	3256	1.0
3097	3257	1.0
3097	3259	1.0
3097	3330	1.0
3097	3333	0.5
3097	3336	0.25
3097	3350	0.333333333333
3097	3359	0.333333333333
3097	3371	0.5
3097	3748	0.5
3097	4575	1.0
3097	4908	1.0
3097	5361	1.0
3097	5366	1.0
3097	5371	1.0
3097	5372	1.0
3097	5616	0.5
3110	3115	1.0
3110	3120	1.0
3110	3121	1.0
3110	3128	1.0
3110	3153	0.5
3110	3196	1.0
3110	3249	1.0
3110	3252	0.333333333333
3110	3254	1.0
3110	3255	1.0
3110	3256	1.0
3110	3257	1.0
3110	3259	1.0
3110	3330	1.0
3110	3333	0.5
3110	3336	0.25
3110	3350	0.333333333333
3110	3359	0.333333333333
3110	3371	0.5
3110	3748	0.5
3110	4575	1.0
3110	4908	1.0
3110	5361	1.0
3110	5366	1.0
3110	5371	1.0
3110	5372	1.0
3110	5616	0.5
3115	3120	1.0
3115	3121	1.0
3115	3128	1.0
3115	3153	0.5
3115	3196	1.0
3115	3249	1.0
3115	3252	0.333333333333
3115	3254	1.0
3115	3255	1.0
3115	3256	1.0
3115	3257	1.0
3115	3259	1.0
3115	3330	1.0
3115	3333	0.5
3115	3336	0.25
3115	3350	0.333333333333
3115	3359	0.333333333333
3115	3371	0.5
3115	3748	0.5
3115	4575	1.0
3115	4908	1.0
3115	5361	1.0
3115	5366	1.0
3115	5371	1.0
3115	5372	1.0
3115	5616	0.5
3120	3121	1.0
3120	3128	1.0
3120	3153	0.5
3120	3196	1.0
3120	3249	1.0
3120	3252	0.333333333333
3120	3254	1.0
3120	3255	1.0
3120	3256	1.0
3120	3257	1.0
3120	3259	1.0
3120	3330	1.0
3120	3333	0.5
3120	3336	0.25
3120	3350	0.333333333333
3120	3359	0.333333333333
3120	3371	0.5
3120	3748	0.5
3120	4575	1.0
3120	4908	1.0
3120	5361	1.0
3120	5366	1.0
3120	5371	1.0
3120	5372	1.0
3120	5616	0.5
3121	3128	1.0
3121	3153	0.5
3121	3196	1.0
3121	3249	1.0
3121	3252	0.333333333333
3121	3254	1.0
3121	3255	1.0
3121	3256	1.0
3121	3257	1.0
3121	3259	1.0
3121	3330	1.0
3121	3333	0.5
3121	3336	0.25
3121	3350	0.333333333333
3121	3359	0.333333333333
3121	3371	0.5
3121	3748	0.5
3121	4575	1.0
3121	4908	1.0
3121	5361	1.0
3121	5366	1.0
3121	5371	1.0
3121	5372	1.0
3121	5616	0.5
3128	3153	0.5
3128	3196	1.0
3128	3249	1.0
3128	3252	0.333333333333
3128	3254	1.0
3128	3255	1.0
3128	3256	1.0
3128	3257	1.0
3128	3259	1.0
3128	3330	1.0
3128	3333	0.5
3128	3336	0.25
3128	3350	0.333333333333
3128	3359	0.333333333333
3128	3371	0.5
3128	3748	0.5
3128	4575	1.0
3128	4908	1.0
3128	5361	1.0
3128	5366	1.0
3128	5371	1.0
3128	5372	1.0
3128	5616	0.5
3153	3196	0.5
3153	3249	0.5
3153	3252	0.333333333333
3153	3254	0.5
3153	3255	0.5
3153	3256	0.5
3153	3257	0.5
3153	3259	0.5
3153	3330	0.5
3153	3333	0.5
3153	3336	0.25
3153	3350	0.333333333333
3153	3359	0.333333333333
3153	3371	0.5
3153	3748	0.5
3153	4575	0.5
3153	4908	0.5
3153	5361	0.5
3153	5366	0.5
3153	5371	0.5
3153	5372	0.5
3153	5616	0.5
3196	3249	1.0
3196	3252	0.333333333333
3196	3254	1.0
3196	3255	1.0
3196	3256	1.0
3196	3257	1.0
3196	3259	1.0
3196	3330	1.0
3196	3333	0.5
3196	3336	0.25
3196	3350	0.333333333333
3196	3359	0.333333333333
3196	3371	0.5
3196	3748	0.5
3196	4575	1.0
3196	4908	1.0
3196	5361	1.0
3196	5366	1.0
3196	5371	1.0
3196	5372	1.0
3196	5616	0.5
3249	3252	0.333333333333
3249	3254	1.0
3249	3255	1.0
3249	3256	1.0
3249	3257	1.0
3249	3259	1.0
3249	3330	1.0
3249	3333	0.5
3249	3336	0.25
3249	3350	0.333333333333
3249	3359	0.333333333333
3249	3371	0.5
3249	3748	0.5
3249	4575	1.0
3249	4908	1.0
3249	5361	1.0
3249	5366	1.0
3249	5371	1.0
3249	5372	1.0
3249	5616	0.5
3252	3254	0.333333333333
3252	3255	0.333333333333
3252	3256	0.333333333333
3252	3257	0.333333333333
3252	3259	0.333333333333
3252	3330	0.333333333333
3252	3333	0.333333333333
3252	3336	0.25
3252	3350	0.333333333333
3252	3359	0.333333333333
3252	3371	0.333333333333
3252	3748	0.333333333333
3252	4575	0.333333333333
3252	4908	0.333333333333
3252	5361	0.333333333333
3252	5366	0.333333333333
3252	5371	0.333333333333
3252	5372	0.333333333333
3252	5616	0.333333333333
3254	3255	1.0
3254	3256	1.0
3254	3257	1.0
3254	3259	1.0
3254	3330	1.0
3254	3333	0.5
3254	3336	0.25
3254	3350	0.333333333333
3254	3359	0.333333333333
3254	3371	0.5
3254	3748	0.5
3254	4575	1.0
3254	4908	1.0
3254	5361	1.0
3254	5366	1.0
3254	5371	1.0
3254	5372	1.0
3254	5616	0.5
3255	3256	1.0
3255	3257	1.0
3255	3259	1.0
3255	3330	1.0
3255	3333	0.5
3255	3336	0.25
3255	3350	0.333333333333
3255	3359	0.333333333333
3255	3371	0.5
3255	3748	0.5
3255	4575	1.0
3255	4908	1.0
3255	5361	1.0
3255	5366	1.0
3255	5371	1.0
3255	5372	1.0
3255	5616	0.5
3256	3257	1.0
3256	3259	1.0
3256	3330	1.0
3256	3333	0.5
3256	3336	0.25
3256	3350	0.333333333333
3256	3359	0.333333333333
3256	3371	0.5
3256	3748	0.5
3256	4575	1.0
3256	4908	1.0
3256	5361	1.0
3256	5366	1.0
3256	5371	1.0
3256	5372	1.0
3256	5616	0.5
3257	3259	1.0
3257	3330	1.0
3257	3333	0.5
3257	3336	0.25
3257	3350	0.333333333333
3257	3359	0.333333333333
3257	3371	0.5
3257	3748	0.5
3257	4575	1.0
3257	4908	1.0
3257	5361	1.0
3257	5366	1.0
3257	5371	1.0
3257	5372	1.0
3257	5616	0.5
3259	3330	1.0
3259	3333	0.5
3259	3336	0.25
3259	3350	0.333333333333
3259	3359	0.333333333333
3259	3371	0.5
3259	3748	0.5
3259	4575	1.0
3259	4908	1.0
3259	5361	1.0
3259	5366	1.0
3259	5371	1.0
3259	5372	1.0
3259	5616	0.5
3330	3333	0.5
3330	3336	0.25
3330	3350	0.333333333333
3330	3359	0.333333333333
3330	3371	0.5
3330	3748	0.5
3330	4575	1.0
3330	4908	1.0
3330	5361	1.0
3330	5366	1.0
3330	5371	1.0
3330	5372	1.0
3330	5616	0.5
3333	3336	0.25
3333	3350	0.333333333333
3333	3359	0.333333333333
3333	3371	0.5
3333	3748	0.5
3333	4575	0.5
3333	4908	0.5
3333	5361	0.5
3333	5366	0.5
3333	5371	0.5
3333	5372	0.5
3333	5616	0.5
3336	3350	0.25
3336	3359	0.25
3336	3371	0.25
3336	3748	0.25
3336	4575	0.25
3336	4908	0.25
3336	5361	0.25
3336	5366	0.25
3336	5371	0.25
3336	5372	0.25
3336	5616	0.25
3350	3359	0.333333333333
3350	3371	0.333333333333
3350	3748	0.333333333333
3350	4575	0.333333333333
3350	4908	0.333333333333
3350	5361	0.333333333333
3350	5366	0.333333333333
3350	5371	0.333333333333
3350	5372	0.333333333333
3350	5616	0.333333333333
3359	3371	0.333333333333
3359	3748	0.333333333333
3359	4575	0.333333333333
3359	4908	0.333333333333
3359	5361	0.333333333333
3359	5366	0.333333333333
3359	5371	0.333333333333
3359	5372	0.333333333333
3359	5616	0.333333333333
3371	3748	0.5
3371	4575	0.5
3371	4908	0.5
3371	5361	0.5
3371	5366	0.5
3371	5371	0.5
3371	5372	0.5
3371	5616	0.5
3748	4575	0.5
3748	4908	0.5
3748	5361	0.5
3748	5366	0.5
3748	5371	0.5
3748	5372	0.5
3748	5616	0.5
4575	4908	1.0
4575	5361	1.0
4575	5366	1.0
4575	5371	1.0
4575	5372	1.0
4575	5616	0.5
4908	5361	1.0
4908	5366	1.0
4908	5371	1.0
4908	5372	1.0
4908	5616	0.5
5361	5366	1.0
5361	5371	1.0
5361	5372	1.0
5361	5616	0.5
5366	5371	1.0
5366	5372	1.0
5366	5616	0.5
5371	5372	1.0
5371	5616	0.5
5372	5616	0.5
2547	2557	1.0
2547	2628	0.5
2547	2689	1.0
2547	2802	1.0
2547	3079	1.0
2547	3374	1.0
2547	3396	1.0
2547	3856	1.0
2547	3967	1.0
2547	4580	1.0
2547	5005	1.0
2547	5665	1.0
2557	2628	0.5
2557	2689	1.0
2557	2802	1.0
2557	3079	1.0
2557	3374	1.0
2557	3396	1.0
2557	3856	1.0
2557	3967	1.0
2557	4580	1.0
2557	5005	1.0
2557	5665	1.0
2628	2689	0.5
2628	2802	0.5
2628	3079	0.5
2628	3374	0.5
2628	3396	0.5
2628	3856	0.5
2628	3967	0.5
2628	4580	0.5
2628	5005	0.5
2628	5665	0.5
2689	2802	1.0
2689	3079	1.0
2689	3374	1.0
2689	3396	1.0
2689	3856	1.0
2689	3967	1.0
2689	4580	1.0
2689	5005	1.0
2689	5665	1.0
2802	3079	1.0
2802	3374	1.0
2802	3396	1.0
2802	3856	1.0
2802	3967	1.0
2802	4580	1.0
2802	5005	1.0
2802	5665	1.0
3079	3374	1.0
3079	3396	1.0
3079	3856	1.0
3079	3967	1.0
3079	4580	1.0
3079	5005	1.0
3079	5665	1.0
3374	3396	1.0
3374	3856	1.0
3374	3967	1.0
3374	4580	1.0
3374	5005	1.0
3374	5665	1.0
3396	3856	1.0
3396	3967	1.0
3396	4580	1.0
3396	5005	1.0
3396	5665	1.0
3856	3967	1.0
3856	4580	1.0
3856	5005	1.0
3856	5665	1.0
3967	4580	1.0
3967	5005	1.0
3967	5665	1.0
4580	5005	1.0
4580	5665	1.0
5005	5665	1.0
1369	2581	0.5
1369	2675	0.5
1369	2678	0.5
1369	2681	0.5
1369	2686	0.5
1369	2705	0.5
1369	2729	0.5
1369	2870	0.5
1369	2936	0.5
1369	2966	0.5
1369	3035	0.5
1369	3057	0.5
1369	3082	0.5
1369	3155	0.5
1369	3192	0.5
1369	3317	0.5
1369	3347	0.5
1369	3748	0.5
1369	3909	0.5
1369	3961	0.5
1369	5619	0.5
1369	5624	0.5
1369	5661	0.5
1369	887	0.5
2581	2675	1.0
2581	2678	1.0
2581	2681	0.5
2581	2686	1.0
2581	2705	1.0
2581	2729	1.0
2581	2870	1.0
2581	2936	1.0
2581	2966	1.0
2581	3035	1.0
2581	3057	1.0
2581	3082	1.0
2581	3155	1.0
2581	3192	1.0
2581	3317	1.0
2581	3347	1.0
2581	3748	0.5
2581	3909	1.0
2581	3961	0.5
2581	5619	0.5
2581	5624	1.0
2581	5661	1.0
2581	887	0.5
2675	2678	1.0
2675	2681	0.5
2675	2686	1.0
2675	2705	1.0
2675	2729	1.0
2675	2870	1.0
2675	2936	1.0
2675	2966	1.0
2675	3035	1.0
2675	3057	1.0
2675	3082	1.0
2675	3155	1.0
2675	3192	1.0
2675	3317	1.0
2675	3347	1.0
2675	3748	0.5
2675	3909	1.0
2675	3961	0.5
2675	5619	0.5
2675	5624	1.0
2675	5661	1.0
2675	887	0.5
2678	2681	0.5
2678	2686	1.0
2678	2705	1.0
2678	2729	1.0
2678	2870	1.0
2678	2936	1.0
2678	2966	1.0
2678	3035	1.0
2678	3057	1.0
2678	3082	1.0
2678	3155	1.0
2678	3192	1.0
2678	3317	1.0
2678	3347	1.0
2678	3748	0.5
2678	3909	1.0
2678	3961	0.5
2678	5619	0.5
2678	5624	1.0
2678	5661	1.0
2678	887	0.5
2681	2686	0.5
2681	2705	0.5
2681	2729	0.5
2681	2870	0.5
2681	2936	0.5
2681	2966	0.5
2681	3035	0.5
2681	3057	0.5
2681	3082	0.5
2681	3155	0.5
2681	3192	0.5
2681	3317	0.5
2681	3347	0.5
2681	3748	0.5
2681	3909	0.5
2681	3961	0.5
2681	5619	0.5
2681	5624	0.5
2681	5661	0.5
2681	887	0.5
2686	2705	1.0
2686	2729	1.0
2686	2870	1.0
2686	2936	1.0
2686	2966	1.0
2686	3035	1.0
2686	3057	1.0
2686	3082	1.0
2686	3155	1.0
2686	3192	1.0
2686	3317	1.0
2686	3347	1.0
2686	3748	0.5
2686	3909	1.0
2686	3961	0.5
2686	5619	0.5
2686	5624	1.0
2686	5661	1.0
2686	887	0.5
2705	2729	1.0
2705	2870	1.0
2705	2936	1.0
2705	2966	1.0
2705	3035	1.0
2705	3057	1.0
2705	3082	1.0
2705	3155	1.0
2705	3192	1.0
2705	3317	1.0
2705	3347	1.0
2705	3748	0.5
2705	3909	1.0
2705	3961	0.5
2705	5619	0.5
2705	5624	1.0
2705	5661	1.0
2705	887	0.5
2729	2870	1.0
2729	2936	1.0
2729	2966	1.0
2729	3035	1.0
2729	3057	1.0
2729	3082	1.0
2729	3155	1.0
2729	3192	1.0
2729	3317	1.0
2729	3347	1.0
2729	3748	0.5
2729	3909	1.0
2729	3961	0.5
2729	5619	0.5
2729	5624	1.0
2729	5661	1.0
2729	887	0.5
2870	2936	1.0
2870	2966	1.0
2870	3035	1.0
2870	3057	1.0
2870	3082	1.0
2870	3155	1.0
2870	3192	1.0
2870	3317	1.0
2870	3347	1.0
2870	3748	0.5
2870	3909	1.0
2870	3961	0.5
2870	5619	0.5
2870	5624	1.0
2870	5661	1.0
2870	887	0.5
2936	2966	1.0
2936	3035	1.0
2936	3057	1.0
2936	3082	1.0
2936	3155	1.0
2936	3192	1.0
2936	3317	1.0
2936	3347	1.0
2936	3748	0.5
2936	3909	1.0
2936	3961	0.5
2936	5619	0.5
2936	5624	1.0
2936	5661	1.0
2936	887	0.5
2966	3035	1.0
2966	3057	1.0
2966	3082	1.0
2966	3155	1.0
2966	3192	1.0
2966	3317	1.0
2966	3347	1.0
2966	3748	0.5
2966	3909	1.0
2966	3961	0.5
2966	5619	0.5
2966	5624	1.0
2966	5661	1.0
2966	887	0.5
3035	3057	1.0
3035	3082	1.0
3035	3155	1.0
3035	3192	1.0
3035	3317	1.0
3035	3347	1.0
3035	3748	0.5
3035	3909	1.0
3035	3961	0.5
3035	5619	0.5
3035	5624	1.0
3035	5661	1.0
3035	887	0.5
3057	3082	1.0
3057	3155	1.0
3057	3192	1.0
3057	3317	1.0
3057	3347	1.0
3057	3748	0.5
3057	3909	1.0
3057	3961	0.5
3057	5619	0.5
3057	5624	1.0
3057	5661	1.0
3057	887	0.5
3082	3155	1.0
3082	3192	1.0
3082	3317	1.0
3082	3347	1.0
3082	3748	0.5
3082	3909	1.0
3082	3961	0.5
3082	5619	0.5
3082	5624	1.0
3082	5661	1.0
3082	887	0.5
3155	3192	1.0
3155	3317	1.0
3155	3347	1.0
3155	3748	0.5
3155	3909	1.0
3155	3961	0.5
3155	5619	0.5
3155	5624	1.0
3155	5661	1.0
3155	887	0.5
3192	3317	1.0
3192	3347	1.0
3192	3748	0.5
3192	3909	1.0
3192	3961	0.5
3192	5619	0.5
3192	5624	1.0
3192	5661	1.0
3192	887	0.5
3317	3347	1.0
3317	3748	0.5
3317	3909	1.0
3317	3961	0.5
3317	5619	0.5
3317	5624	1.0
3317	5661	1.0
3317	887	0.5
3347	3748	0.5
3347	3909	1.0
3347	3961	0.5
3347	5619	0.5
3347	5624	1.0
3347	5661	1.0
3347	887	0.5
3748	3909	0.5
3748	3961	0.5
3748	5619	0.5
3748	5624	0.5
3748	5661	0.5
3748	887	0.5
3909	3961	0.5
3909	5619	0.5
3909	5624	1.0
3909	5661	1.0
3909	887	0.5
3961	5619	0.5
3961	5624	0.5
3961	5661	0.5
3961	887	0.5
5619	5624	0.5
5619	5661	0.5
5619	887	0.5
5624	5661	1.0
5624	887	0.5
5661	887	0.5
3199	3386	0.5
3199	3417	0.5
3199	4894	0.5
3386	3417	0.5
3386	4894	1.0
3417	4894	0.5
2992	3104	1.0
2992	3158	1.0
2992	3264	0.5
2992	3954	1.0
2992	3962	1.0
3104	3158	1.0
3104	3264	0.5
3104	3954	1.0
3104	3962	1.0
3158	3264	0.5
3158	3954	1.0
3158	3962	1.0
3264	3954	0.5
3264	3962	0.5
3954	3962	1.0
2734	3081	1.0
2624	2771	1.0
2624	2811	1.0
2624	2864	1.0
2624	2906	1.0
2624	2938	1.0
2624	2968	1.0
2624	3190	1.0
2624	3293	1.0
2624	3316	1.0
2624	3325	1.0
2624	3423	1.0
2624	4091	1.0
2624	4260	1.0
2624	4318	1.0
2624	4332	1.0
2624	4863	1.0
2624	5071	1.0
2624	5298	1.0
2624	5662	1.0
2771	2811	1.0
2771	2864	1.0
2771	2906	1.0
2771	2938	1.0
2771	2968	1.0
2771	3190	1.0
2771	3293	1.0
2771	3316	1.0
2771	3325	1.0
2771	3423	1.0
2771	4091	1.0
2771	4260	1.0
2771	4318	1.0
2771	4332	1.0
2771	4863	1.0
2771	5071	1.0
2771	5298	1.0
2771	5662	1.0
2811	2864	1.0
2811	2906	1.0
2811	2938	1.0
2811	2968	1.0
2811	3190	1.0
2811	3293	1.0
2811	3316	1.0
2811	3325	1.0
2811	3423	1.0
2811	4091	1.0
2811	4260	1.0
2811	4318	1.0
2811	4332	1.0
2811	4863	1.0
2811	5071	1.0
2811	5298	1.0
2811	5662	1.0
2864	2906	1.0
2864	2938	1.0
2864	2968	1.0
2864	3190	1.0
2864	3293	1.0
2864	3316	1.0
2864	3325	1.0
2864	3423	1.0
2864	4091	1.0
2864	4260	1.0
2864	4318	1.0
2864	4332	1.0
2864	4863	1.0
2864	5071	1.0
2864	5298	1.0
2864	5662	1.0
2906	2938	1.0
2906	2968	1.0
2906	3190	1.0
2906	3293	1.0
2906	3316	1.0
2906	3325	1.0
2906	3423	1.0
2906	4091	1.0
2906	4260	1.0
2906	4318	1.0
2906	4332	1.0
2906	4863	1.0
2906	5071	1.0
2906	5298	1.0
2906	5662	1.0
2938	2968	1.0
2938	3190	1.0
2938	3293	1.0
2938	3316	1.0
2938	3325	1.0
2938	3423	1.0
2938	4091	1.0
2938	4260	1.0
2938	4318	1.0
2938	4332	1.0
2938	4863	1.0
2938	5071	1.0
2938	5298	1.0
2938	5662	1.0
2968	3190	1.0
2968	3293	1.0
2968	3316	1.0
2968	3325	1.0
2968	3423	1.0
2968	4091	1.0
2968	4260	1.0
2968	4318	1.0
2968	4332	1.0
2968	4863	1.0
2968	5071	1.0
2968	5298	1.0
2968	5662	1.0
3190	3293	1.0
3190	3316	1.0
3190	3325	1.0
3190	3423	1.0
3190	4091	1.0
3190	4260	1.0
3190	4318	1.0
3190	4332	1.0
3190	4863	1.0
3190	5071	1.0
3190	5298	1.0
3190	5662	1.0
3293	3316	1.0
3293	3325	1.0
3293	3423	1.0
3293	4091	1.0
3293	4260	1.0
3293	4318	1.0
3293	4332	1.0
3293	4863	1.0
3293	5071	1.0
3293	5298	1.0
3293	5662	1.0
3316	3325	1.0
3316	3423	1.0
3316	4091	1.0
3316	4260	1.0
3316	4318	1.0
3316	4332	1.0
3316	4863	1.0
3316	5071	1.0
3316	5298	1.0
3316	5662	1.0
3325	3423	1.0
3325	4091	1.0
3325	4260	1.0
3325	4318	1.0
3325	4332	1.0
3325	4863	1.0
3325	5071	1.0
3325	5298	1.0
3325	5662	1.0
3423	4091	1.0
3423	4260	1.0
3423	4318	1.0
3423	4332	1.0
3423	4863	1.0
3423	5071	1.0
3423	5298	1.0
3423	5662	1.0
4091	4260	1.0
4091	4318	1.0
4091	4332	1.0
4091	4863	1.0
4091	5071	1.0
4091	5298	1.0
4091	5662	1.0
4260	4318	1.0
4260	4332	1.0
4260	4863	1.0
4260	5071	1.0
4260	5298	1.0
4260	5662	1.0
4318	4332	1.0
4318	4863	1.0
4318	5071	1.0
4318	5298	1.0
4318	5662	1.0
4332	4863	1.0
4332	5071	1.0
4332	5298	1.0
4332	5662	1.0
4863	5071	1.0
4863	5298	1.0
4863	5662	1.0
5071	5298	1.0
5071	5662	1.0
5298	5662	1.0
2528	2556	1.0
2528	2582	1.0
2528	2726	1.0
2528	2730	1.0
2528	2760	1.0
2528	2774	1.0
2528	2887	1.0
2528	2907	1.0
2528	2940	1.0
2528	2970	1.0
2528	3013	1.0
2528	3024	1.0
2528	3034	0.5
2528	3066	0.5
2528	3070	1.0
2528	3077	1.0
2528	3084	1.0
2528	3086	1.0
2528	3101	1.0
2528	3108	1.0
2528	3117	1.0
2528	3137	1.0
2528	3156	0.5
2528	3162	1.0
2528	3250	1.0
2528	3251	1.0
2528	3262	1.0
2528	3294	1.0
2528	3301	1.0
2528	3327	1.0
2528	3340	1.0
2528	3341	1.0
2528	3344	1.0
2528	3353	0.5
2528	3357	0.5
2528	3363	1.0
2528	3379	1.0
2528	3394	1.0
2528	3418	1.0
2528	3421	1.0
2528	3519	1.0
2528	3751	1.0
2528	3755	1.0
2528	3768	1.0
2528	3788	1.0
2528	3948	0.5
2528	3957	0.5
2528	3959	1.0
2528	4110	1.0
2528	4150	1.0
2528	4234	1.0
2528	4317	1.0
2528	4909	1.0
2528	5502	1.0
2528	5512	1.0
2528	5663	1.0
2528	607	0.5
2556	2582	1.0
2556	2726	1.0
2556	2730	1.0
2556	2760	1.0
2556	2774	1.0
2556	2887	1.0
2556	2907	1.0
2556	2940	1.0
2556	2970	1.0
2556	3013	1.0
2556	3024	1.0
2556	3034	0.5
2556	3066	0.5
2556	3070	1.0
2556	3077	1.0
2556	3084	1.0
2556	3086	1.0
2556	3101	1.0
2556	3108	1.0
2556	3117	1.0
2556	3137	1.0
2556	3156	0.5
2556	3162	1.0
2556	3250	1.0
2556	3251	1.0
2556	3262	1.0
2556	3294	1.0
2556	3301	1.0
2556	3327	1.0
2556	3340	1.0
2556	3341	1.0
2556	3344	1.0
2556	3353	0.5
2556	3357	0.5
2556	3363	1.0
2556	3379	1.0
2556	3394	1.0
2556	3418	1.0
2556	3421	1.0
2556	3519	1.0
2556	3751	1.0
2556	3755	1.0
2556	3768	1.0
2556	3788	1.0
2556	3948	0.5
2556	3957	0.5
2556	3959	1.0
2556	4110	1.0
2556	4150	1.0
2556	4234	1.0
2556	4317	1.0
2556	4909	1.0
2556	5502	1.0
2556	5512	1.0
2556	5663	1.0
2556	607	0.5
2582	2726	1.0
2582	2730	1.0
2582	2760	1.0
2582	2774	1.0
2582	2887	1.0
2582	2907	1.0
2582	2940	1.0
2582	2970	1.0
2582	3013	1.0
2582	3024	1.0
2582	3034	0.5
2582	3066	0.5
2582	3070	1.0
2582	3077	1.0
2582	3084	1.0
2582	3086	1.0
2582	3101	1.0
2582	3108	1.0
2582	3117	1.0
2582	3137	1.0
2582	3156	0.5
2582	3162	1.0
2582	3250	1.0
2582	3251	1.0
2582	3262	1.0
2582	3294	1.0
2582	3301	1.0
2582	3327	1.0
2582	3340	1.0
2582	3341	1.0
2582	3344	1.0
2582	3353	0.5
2582	3357	0.5
2582	3363	1.0
2582	3379	1.0
2582	3394	1.0
2582	3418	1.0
2582	3421	1.0
2582	3519	1.0
2582	3751	1.0
2582	3755	1.0
2582	3768	1.0
2582	3788	1.0
2582	3948	0.5
2582	3957	0.5
2582	3959	1.0
2582	4110	1.0
2582	4150	1.0
2582	4234	1.0
2582	4317	1.0
2582	4909	1.0
2582	5502	1.0
2582	5512	1.0
2582	5663	1.0
2582	607	0.5
2726	2730	1.0
2726	2760	1.0
2726	2774	1.0
2726	2887	1.0
2726	2907	1.0
2726	2940	1.0
2726	2970	1.0
2726	3013	1.0
2726	3024	1.0
2726	3034	0.5
2726	3066	0.5
2726	3070	1.0
2726	3077	1.0
2726	3084	1.0
2726	3086	1.0
2726	3101	1.0
2726	3108	1.0
2726	3117	1.0
2726	3137	1.0
2726	3156	0.5
2726	3162	1.0
2726	3250	1.0
2726	3251	1.0
2726	3262	1.0
2726	3294	1.0
2726	3301	1.0
2726	3327	1.0
2726	3340	1.0
2726	3341	1.0
2726	3344	1.0
2726	3353	0.5
2726	3357	0.5
2726	3363	1.0
2726	3379	1.0
2726	3394	1.0
2726	3418	1.0
2726	3421	1.0
2726	3519	1.0
2726	3751	1.0
2726	3755	1.0
2726	3768	1.0
2726	3788	1.0
2726	3948	0.5
2726	3957	0.5
2726	3959	1.0
2726	4110	1.0
2726	4150	1.0
2726	4234	1.0
2726	4317	1.0
2726	4909	1.0
2726	5502	1.0
2726	5512	1.0
2726	5663	1.0
2726	607	0.5
2730	2760	1.0
2730	2774	1.0
2730	2887	1.0
2730	2907	1.0
2730	2940	1.0
2730	2970	1.0
2730	3013	1.0
2730	3024	1.0
2730	3034	0.5
2730	3066	0.5
2730	3070	1.0
2730	3077	1.0
2730	3084	1.0
2730	3086	1.0
2730	3101	1.0
2730	3108	1.0
2730	3117	1.0
2730	3137	1.0
2730	3156	0.5
2730	3162	1.0
2730	3250	1.0
2730	3251	1.0
2730	3262	1.0
2730	3294	1.0
2730	3301	1.0
2730	3327	1.0
2730	3340	1.0
2730	3341	1.0
2730	3344	1.0
2730	3353	0.5
2730	3357	0.5
2730	3363	1.0
2730	3379	1.0
2730	3394	1.0
2730	3418	1.0
2730	3421	1.0
2730	3519	1.0
2730	3751	1.0
2730	3755	1.0
2730	3768	1.0
2730	3788	1.0
2730	3948	0.5
2730	3957	0.5
2730	3959	1.0
2730	4110	1.0
2730	4150	1.0
2730	4234	1.0
2730	4317	1.0
2730	4909	1.0
2730	5502	1.0
2730	5512	1.0
2730	5663	1.0
2730	607	0.5
2760	2774	1.0
2760	2887	1.0
2760	2907	1.0
2760	2940	1.0
2760	2970	1.0
2760	3013	1.0
2760	3024	1.0
2760	3034	0.5
2760	3066	0.5
2760	3070	1.0
2760	3077	1.0
2760	3084	1.0
2760	3086	1.0
2760	3101	1.0
2760	3108	1.0
2760	3117	1.0
2760	3137	1.0
2760	3156	0.5
2760	3162	1.0
2760	3250	1.0
2760	3251	1.0
2760	3262	1.0
2760	3294	1.0
2760	3301	1.0
2760	3327	1.0
2760	3340	1.0
2760	3341	1.0
2760	3344	1.0
2760	3353	0.5
2760	3357	0.5
2760	3363	1.0
2760	3379	1.0
2760	3394	1.0
2760	3418	1.0
2760	3421	1.0
2760	3519	1.0
2760	3751	1.0
2760	3755	1.0
2760	3768	1.0
2760	3788	1.0
2760	3948	0.5
2760	3957	0.5
2760	3959	1.0
2760	4110	1.0
2760	4150	1.0
2760	4234	1.0
2760	4317	1.0
2760	4909	1.0
2760	5502	1.0
2760	5512	1.0
2760	5663	1.0
2760	607	0.5
2774	2887	1.0
2774	2907	1.0
2774	2940	1.0
2774	2970	1.0
2774	3013	1.0
2774	3024	1.0
2774	3034	0.5
2774	3066	0.5
2774	3070	1.0
2774	3077	1.0
2774	3084	1.0
2774	3086	1.0
2774	3101	1.0
2774	3108	1.0
2774	3117	1.0
2774	3137	1.0
2774	3156	0.5
2774	3162	1.0
2774	3250	1.0
2774	3251	1.0
2774	3262	1.0
2774	3294	1.0
2774	3301	1.0
2774	3327	1.0
2774	3340	1.0
2774	3341	1.0
2774	3344	1.0
2774	3353	0.5
2774	3357	0.5
2774	3363	1.0
2774	3379	1.0
2774	3394	1.0
2774	3418	1.0
2774	3421	1.0
2774	3519	1.0
2774	3751	1.0
2774	3755	1.0
2774	3768	1.0
2774	3788	1.0
2774	3948	0.5
2774	3957	0.5
2774	3959	1.0
2774	4110	1.0
2774	4150	1.0
2774	4234	1.0
2774	4317	1.0
2774	4909	1.0
2774	5502	1.0
2774	5512	1.0
2774	5663	1.0
2774	607	0.5
2887	2907	1.0
2887	2940	1.0
2887	2970	1.0
2887	3013	1.0
2887	3024	1.0
2887	3034	0.5
2887	3066	0.5
2887	3070	1.0
2887	3077	1.0
2887	3084	1.0
2887	3086	1.0
2887	3101	1.0
2887	3108	1.0
2887	3117	1.0
2887	3137	1.0
2887	3156	0.5
2887	3162	1.0
2887	3250	1.0
2887	3251	1.0
2887	3262	1.0
2887	3294	1.0
2887	3301	1.0
2887	3327	1.0
2887	3340	1.0
2887	3341	1.0
2887	3344	1.0
2887	3353	0.5
2887	3357	0.5
2887	3363	1.0
2887	3379	1.0
2887	3394	1.0
2887	3418	1.0
2887	3421	1.0
2887	3519	1.0
2887	3751	1.0
2887	3755	1.0
2887	3768	1.0
2887	3788	1.0
2887	3948	0.5
2887	3957	0.5
2887	3959	1.0
2887	4110	1.0
2887	4150	1.0
2887	4234	1.0
2887	4317	1.0
2887	4909	1.0
2887	5502	1.0
2887	5512	1.0
2887	5663	1.0
2887	607	0.5
2907	2940	1.0
2907	2970	1.0
2907	3013	1.0
2907	3024	1.0
2907	3034	0.5
2907	3066	0.5
2907	3070	1.0
2907	3077	1.0
2907	3084	1.0
2907	3086	1.0
2907	3101	1.0
2907	3108	1.0
2907	3117	1.0
2907	3137	1.0
2907	3156	0.5
2907	3162	1.0
2907	3250	1.0
2907	3251	1.0
2907	3262	1.0
2907	3294	1.0
2907	3301	1.0
2907	3327	1.0
2907	3340	1.0
2907	3341	1.0
2907	3344	1.0
2907	3353	0.5
2907	3357	0.5
2907	3363	1.0
2907	3379	1.0
2907	3394	1.0
2907	3418	1.0
2907	3421	1.0
2907	3519	1.0
2907	3751	1.0
2907	3755	1.0
2907	3768	1.0
2907	3788	1.0
2907	3948	0.5
2907	3957	0.5
2907	3959	1.0
2907	4110	1.0
2907	4150	1.0
2907	4234	1.0
2907	4317	1.0
2907	4909	1.0
2907	5502	1.0
2907	5512	1.0
2907	5663	1.0
2907	607	0.5
2940	2970	1.0
2940	3013	1.0
2940	3024	1.0
2940	3034	0.5
2940	3066	0.5
2940	3070	1.0
2940	3077	1.0
2940	3084	1.0
2940	3086	1.0
2940	3101	1.0
2940	3108	1.0
2940	3117	1.0
2940	3137	1.0
2940	3156	0.5
2940	3162	1.0
2940	3250	1.0
2940	3251	1.0
2940	3262	1.0
2940	3294	1.0
2940	3301	1.0
2940	3327	1.0
2940	3340	1.0
2940	3341	1.0
2940	3344	1.0
2940	3353	0.5
2940	3357	0.5
2940	3363	1.0
2940	3379	1.0
2940	3394	1.0
2940	3418	1.0
2940	3421	1.0
2940	3519	1.0
2940	3751	1.0
2940	3755	1.0
2940	3768	1.0
2940	3788	1.0
2940	3948	0.5
2940	3957	0.5
2940	3959	1.0
2940	4110	1.0
2940	4150	1.0
2940	4234	1.0
2940	4317	1.0
2940	4909	1.0
2940	5502	1.0
2940	5512	1.0
2940	5663	1.0
2940	607	0.5
2970	3013	1.0
2970	3024	1.0
2970	3034	0.5
2970	3066	0.5
2970	3070	1.0
2970	3077	1.0
2970	3084	1.0
2970	3086	1.0
2970	3101	1.0
2970	3108	1.0
2970	3117	1.0
2970	3137	1.0
2970	3156	0.5
2970	3162	1.0
2970	3250	1.0
2970	3251	1.0
2970	3262	1.0
2970	3294	1.0
2970	3301	1.0
2970	3327	1.0
2970	3340	1.0
2970	3341	1.0
2970	3344	1.0
2970	3353	0.5
2970	3357	0.5
2970	3363	1.0
2970	3379	1.0
2970	3394	1.0
2970	3418	1.0
2970	3421	1.0
2970	3519	1.0
2970	3751	1.0
2970	3755	1.0
2970	3768	1.0
2970	3788	1.0
2970	3948	0.5
2970	3957	0.5
2970	3959	1.0
2970	4110	1.0
2970	4150	1.0
2970	4234	1.0
2970	4317	1.0
2970	4909	1.0
2970	5502	1.0
2970	5512	1.0
2970	5663	1.0
2970	607	0.5
3013	3024	1.0
3013	3034	0.5
3013	3066	0.5
3013	3070	1.0
3013	3077	1.0
3013	3084	1.0
3013	3086	1.0
3013	3101	1.0
3013	3108	1.0
3013	3117	1.0
3013	3137	1.0
3013	3156	0.5
3013	3162	1.0
3013	3250	1.0
3013	3251	1.0
3013	3262	1.0
3013	3294	1.0
3013	3301	1.0
3013	3327	1.0
3013	3340	1.0
3013	3341	1.0
3013	3344	1.0
3013	3353	0.5
3013	3357	0.5
3013	3363	1.0
3013	3379	1.0
3013	3394	1.0
3013	3418	1.0
3013	3421	1.0
3013	3519	1.0
3013	3751	1.0
3013	3755	1.0
3013	3768	1.0
3013	3788	1.0
3013	3948	0.5
3013	3957	0.5
3013	3959	1.0
3013	4110	1.0
3013	4150	1.0
3013	4234	1.0
3013	4317	1.0
3013	4909	1.0
3013	5502	1.0
3013	5512	1.0
3013	5663	1.0
3013	607	0.5
3024	3034	0.5
3024	3066	0.5
3024	3070	1.0
3024	3077	1.0
3024	3084	1.0
3024	3086	1.0
3024	3101	1.0
3024	3108	1.0
3024	3117	1.0
3024	3137	1.0
3024	3156	0.5
3024	3162	1.0
3024	3250	1.0
3024	3251	1.0
3024	3262	1.0
3024	3294	1.0
3024	3301	1.0
3024	3327	1.0
3024	3340	1.0
3024	3341	1.0
3024	3344	1.0
3024	3353	0.5
3024	3357	0.5
3024	3363	1.0
3024	3379	1.0
3024	3394	1.0
3024	3418	1.0
3024	3421	1.0
3024	3519	1.0
3024	3751	1.0
3024	3755	1.0
3024	3768	1.0
3024	3788	1.0
3024	3948	0.5
3024	3957	0.5
3024	3959	1.0
3024	4110	1.0
3024	4150	1.0
3024	4234	1.0
3024	4317	1.0
3024	4909	1.0
3024	5502	1.0
3024	5512	1.0
3024	5663	1.0
3024	607	0.5
3034	3066	0.5
3034	3070	0.5
3034	3077	0.5
3034	3084	0.5
3034	3086	0.5
3034	3101	0.5
3034	3108	0.5
3034	3117	0.5
3034	3137	0.5
3034	3156	0.5
3034	3162	0.5
3034	3250	0.5
3034	3251	0.5
3034	3262	0.5
3034	3294	0.5
3034	3301	0.5
3034	3327	0.5
3034	3340	0.5
3034	3341	0.5
3034	3344	0.5
3034	3353	0.5
3034	3357	0.5
3034	3363	0.5
3034	3379	0.5
3034	3394	0.5
3034	3418	0.5
3034	3421	0.5
3034	3519	0.5
3034	3751	0.5
3034	3755	0.5
3034	3768	0.5
3034	3788	0.5
3034	3948	0.5
3034	3957	0.5
3034	3959	0.5
3034	4110	0.5
3034	4150	0.5
3034	4234	0.5
3034	4317	0.5
3034	4909	0.5
3034	5502	0.5
3034	5512	0.5
3034	5663	0.5
3034	607	0.5
3066	3070	0.5
3066	3077	0.5
3066	3084	0.5
3066	3086	0.5
3066	3101	0.5
3066	3108	0.5
3066	3117	0.5
3066	3137	0.5
3066	3156	0.5
3066	3162	0.5
3066	3250	0.5
3066	3251	0.5
3066	3262	0.5
3066	3294	0.5
3066	3301	0.5
3066	3327	0.5
3066	3340	0.5
3066	3341	0.5
3066	3344	0.5
3066	3353	0.5
3066	3357	0.5
3066	3363	0.5
3066	3379	0.5
3066	3394	0.5
3066	3418	0.5
3066	3421	0.5
3066	3519	0.5
3066	3751	0.5
3066	3755	0.5
3066	3768	0.5
3066	3788	0.5
3066	3948	0.5
3066	3957	0.5
3066	3959	0.5
3066	4110	0.5
3066	4150	0.5
3066	4234	0.5
3066	4317	0.5
3066	4909	0.5
3066	5502	0.5
3066	5512	0.5
3066	5663	0.5
3066	607	0.5
3070	3077	1.0
3070	3084	1.0
3070	3086	1.0
3070	3101	1.0
3070	3108	1.0
3070	3117	1.0
3070	3137	1.0
3070	3156	0.5
3070	3162	1.0
3070	3250	1.0
3070	3251	1.0
3070	3262	1.0
3070	3294	1.0
3070	3301	1.0
3070	3327	1.0
3070	3340	1.0
3070	3341	1.0
3070	3344	1.0
3070	3353	0.5
3070	3357	0.5
3070	3363	1.0
3070	3379	1.0
3070	3394	1.0
3070	3418	1.0
3070	3421	1.0
3070	3519	1.0
3070	3751	1.0
3070	3755	1.0
3070	3768	1.0
3070	3788	1.0
3070	3948	0.5
3070	3957	0.5
3070	3959	1.0
3070	4110	1.0
3070	4150	1.0
3070	4234	1.0
3070	4317	1.0
3070	4909	1.0
3070	5502	1.0
3070	5512	1.0
3070	5663	1.0
3070	607	0.5
3077	3084	1.0
3077	3086	1.0
3077	3101	1.0
3077	3108	1.0
3077	3117	1.0
3077	3137	1.0
3077	3156	0.5
3077	3162	1.0
3077	3250	1.0
3077	3251	1.0
3077	3262	1.0
3077	3294	1.0
3077	3301	1.0
3077	3327	1.0
3077	3340	1.0
3077	3341	1.0
3077	3344	1.0
3077	3353	0.5
3077	3357	0.5
3077	3363	1.0
3077	3379	1.0
3077	3394	1.0
3077	3418	1.0
3077	3421	1.0
3077	3519	1.0
3077	3751	1.0
3077	3755	1.0
3077	3768	1.0
3077	3788	1.0
3077	3948	0.5
3077	3957	0.5
3077	3959	1.0
3077	4110	1.0
3077	4150	1.0
3077	4234	1.0
3077	4317	1.0
3077	4909	1.0
3077	5502	1.0
3077	5512	1.0
3077	5663	1.0
3077	607	0.5
3084	3086	1.0
3084	3101	1.0
3084	3108	1.0
3084	3117	1.0
3084	3137	1.0
3084	3156	0.5
3084	3162	1.0
3084	3250	1.0
3084	3251	1.0
3084	3262	1.0
3084	3294	1.0
3084	3301	1.0
3084	3327	1.0
3084	3340	1.0
3084	3341	1.0
3084	3344	1.0
3084	3353	0.5
3084	3357	0.5
3084	3363	1.0
3084	3379	1.0
3084	3394	1.0
3084	3418	1.0
3084	3421	1.0
3084	3519	1.0
3084	3751	1.0
3084	3755	1.0
3084	3768	1.0
3084	3788	1.0
3084	3948	0.5
3084	3957	0.5
3084	3959	1.0
3084	4110	1.0
3084	4150	1.0
3084	4234	1.0
3084	4317	1.0
3084	4909	1.0
3084	5502	1.0
3084	5512	1.0
3084	5663	1.0
3084	607	0.5
3086	3101	1.0
3086	3108	1.0
3086	3117	1.0
3086	3137	1.0
3086	3156	0.5
3086	3162	1.0
3086	3250	1.0
3086	3251	1.0
3086	3262	1.0
3086	3294	1.0
3086	3301	1.0
3086	3327	1.0
3086	3340	1.0
3086	3341	1.0
3086	3344	1.0
3086	3353	0.5
3086	3357	0.5
3086	3363	1.0
3086	3379	1.0
3086	3394	1.0
3086	3418	1.0
3086	3421	1.0
3086	3519	1.0
3086	3751	1.0
3086	3755	1.0
3086	3768	1.0
3086	3788	1.0
3086	3948	0.5
3086	3957	0.5
3086	3959	1.0
3086	4110	1.0
3086	4150	1.0
3086	4234	1.0
3086	4317	1.0
3086	4909	1.0
3086	5502	1.0
3086	5512	1.0
3086	5663	1.0
3086	607	0.5
3101	3108	1.0
3101	3117	1.0
3101	3137	1.0
3101	3156	0.5
3101	3162	1.0
3101	3250	1.0
3101	3251	1.0
3101	3262	1.0
3101	3294	1.0
3101	3301	1.0
3101	3327	1.0
3101	3340	1.0
3101	3341	1.0
3101	3344	1.0
3101	3353	0.5
3101	3357	0.5
3101	3363	1.0
3101	3379	1.0
3101	3394	1.0
3101	3418	1.0
3101	3421	1.0
3101	3519	1.0
3101	3751	1.0
3101	3755	1.0
3101	3768	1.0
3101	3788	1.0
3101	3948	0.5
3101	3957	0.5
3101	3959	1.0
3101	4110	1.0
3101	4150	1.0
3101	4234	1.0
3101	4317	1.0
3101	4909	1.0
3101	5502	1.0
3101	5512	1.0
3101	5663	1.0
3101	607	0.5
3108	3117	1.0
3108	3137	1.0
3108	3156	0.5
3108	3162	1.0
3108	3250	1.0
3108	3251	1.0
3108	3262	1.0
3108	3294	1.0
3108	3301	1.0
3108	3327	1.0
3108	3340	1.0
3108	3341	1.0
3108	3344	1.0
3108	3353	0.5
3108	3357	0.5
3108	3363	1.0
3108	3379	1.0
3108	3394	1.0
3108	3418	1.0
3108	3421	1.0
3108	3519	1.0
3108	3751	1.0
3108	3755	1.0
3108	3768	1.0
3108	3788	1.0
3108	3948	0.5
3108	3957	0.5
3108	3959	1.0
3108	4110	1.0
3108	4150	1.0
3108	4234	1.0
3108	4317	1.0
3108	4909	1.0
3108	5502	1.0
3108	5512	1.0
3108	5663	1.0
3108	607	0.5
3117	3137	1.0
3117	3156	0.5
3117	3162	1.0
3117	3250	1.0
3117	3251	1.0
3117	3262	1.0
3117	3294	1.0
3117	3301	1.0
3117	3327	1.0
3117	3340	1.0
3117	3341	1.0
3117	3344	1.0
3117	3353	0.5
3117	3357	0.5
3117	3363	1.0
3117	3379	1.0
3117	3394	1.0
3117	3418	1.0
3117	3421	1.0
3117	3519	1.0
3117	3751	1.0
3117	3755	1.0
3117	3768	1.0
3117	3788	1.0
3117	3948	0.5
3117	3957	0.5
3117	3959	1.0
3117	4110	1.0
3117	4150	1.0
3117	4234	1.0
3117	4317	1.0
3117	4909	1.0
3117	5502	1.0
3117	5512	1.0
3117	5663	1.0
3117	607	0.5
3137	3156	0.5
3137	3162	1.0
3137	3250	1.0
3137	3251	1.0
3137	3262	1.0
3137	3294	1.0
3137	3301	1.0
3137	3327	1.0
3137	3340	1.0
3137	3341	1.0
3137	3344	1.0
3137	3353	0.5
3137	3357	0.5
3137	3363	1.0
3137	3379	1.0
3137	3394	1.0
3137	3418	1.0
3137	3421	1.0
3137	3519	1.0
3137	3751	1.0
3137	3755	1.0
3137	3768	1.0
3137	3788	1.0
3137	3948	0.5
3137	3957	0.5
3137	3959	1.0
3137	4110	1.0
3137	4150	1.0
3137	4234	1.0
3137	4317	1.0
3137	4909	1.0
3137	5502	1.0
3137	5512	1.0
3137	5663	1.0
3137	607	0.5
3156	3162	0.5
3156	3250	0.5
3156	3251	0.5
3156	3262	0.5
3156	3294	0.5
3156	3301	0.5
3156	3327	0.5
3156	3340	0.5
3156	3341	0.5
3156	3344	0.5
3156	3353	0.5
3156	3357	0.5
3156	3363	0.5
3156	3379	0.5
3156	3394	0.5
3156	3418	0.5
3156	3421	0.5
3156	3519	0.5
3156	3751	0.5
3156	3755	0.5
3156	3768	0.5
3156	3788	0.5
3156	3948	0.5
3156	3957	0.5
3156	3959	0.5
3156	4110	0.5
3156	4150	0.5
3156	4234	0.5
3156	4317	0.5
3156	4909	0.5
3156	5502	0.5
3156	5512	0.5
3156	5663	0.5
3156	607	0.5
3162	3250	1.0
3162	3251	1.0
3162	3262	1.0
3162	3294	1.0
3162	3301	1.0
3162	3327	1.0
3162	3340	1.0
3162	3341	1.0
3162	3344	1.0
3162	3353	0.5
3162	3357	0.5
3162	3363	1.0
3162	3379	1.0
3162	3394	1.0
3162	3418	1.0
3162	3421	1.0
3162	3519	1.0
3162	3751	1.0
3162	3755	1.0
3162	3768	1.0
3162	3788	1.0
3162	3948	0.5
3162	3957	0.5
3162	3959	1.0
3162	4110	1.0
3162	4150	1.0
3162	4234	1.0
3162	4317	1.0
3162	4909	1.0
3162	5502	1.0
3162	5512	1.0
3162	5663	1.0
3162	607	0.5
3250	3251	1.0
3250	3262	1.0
3250	3294	1.0
3250	3301	1.0
3250	3327	1.0
3250	3340	1.0
3250	3341	1.0
3250	3344	1.0
3250	3353	0.5
3250	3357	0.5
3250	3363	1.0
3250	3379	1.0
3250	3394	1.0
3250	3418	1.0
3250	3421	1.0
3250	3519	1.0
3250	3751	1.0
3250	3755	1.0
3250	3768	1.0
3250	3788	1.0
3250	3948	0.5
3250	3957	0.5
3250	3959	1.0
3250	4110	1.0
3250	4150	1.0
3250	4234	1.0
3250	4317	1.0
3250	4909	1.0
3250	5502	1.0
3250	5512	1.0
3250	5663	1.0
3250	607	0.5
3251	3262	1.0
3251	3294	1.0
3251	3301	1.0
3251	3327	1.0
3251	3340	1.0
3251	3341	1.0
3251	3344	1.0
3251	3353	0.5
3251	3357	0.5
3251	3363	1.0
3251	3379	1.0
3251	3394	1.0
3251	3418	1.0
3251	3421	1.0
3251	3519	1.0
3251	3751	1.0
3251	3755	1.0
3251	3768	1.0
3251	3788	1.0
3251	3948	0.5
3251	3957	0.5
3251	3959	1.0
3251	4110	1.0
3251	4150	1.0
3251	4234	1.0
3251	4317	1.0
3251	4909	1.0
3251	5502	1.0
3251	5512	1.0
3251	5663	1.0
3251	607	0.5
3262	3294	1.0
3262	3301	1.0
3262	3327	1.0
3262	3340	1.0
3262	3341	1.0
3262	3344	1.0
3262	3353	0.5
3262	3357	0.5
3262	3363	1.0
3262	3379	1.0
3262	3394	1.0
3262	3418	1.0
3262	3421	1.0
3262	3519	1.0
3262	3751	1.0
3262	3755	1.0
3262	3768	1.0
3262	3788	1.0
3262	3948	0.5
3262	3957	0.5
3262	3959	1.0
3262	4110	1.0
3262	4150	1.0
3262	4234	1.0
3262	4317	1.0
3262	4909	1.0
3262	5502	1.0
3262	5512	1.0
3262	5663	1.0
3262	607	0.5
3294	3301	1.0
3294	3327	1.0
3294	3340	1.0
3294	3341	1.0
3294	3344	1.0
3294	3353	0.5
3294	3357	0.5
3294	3363	1.0
3294	3379	1.0
3294	3394	1.0
3294	3418	1.0
3294	3421	1.0
3294	3519	1.0
3294	3751	1.0
3294	3755	1.0
3294	3768	1.0
3294	3788	1.0
3294	3948	0.5
3294	3957	0.5
3294	3959	1.0
3294	4110	1.0
3294	4150	1.0
3294	4234	1.0
3294	4317	1.0
3294	4909	1.0
3294	5502	1.0
3294	5512	1.0
3294	5663	1.0
3294	607	0.5
3301	3327	1.0
3301	3340	1.0
3301	3341	1.0
3301	3344	1.0
3301	3353	0.5
3301	3357	0.5
3301	3363	1.0
3301	3379	1.0
3301	3394	1.0
3301	3418	1.0
3301	3421	1.0
3301	3519	1.0
3301	3751	1.0
3301	3755	1.0
3301	3768	1.0
3301	3788	1.0
3301	3948	0.5
3301	3957	0.5
3301	3959	1.0
3301	4110	1.0
3301	4150	1.0
3301	4234	1.0
3301	4317	1.0
3301	4909	1.0
3301	5502	1.0
3301	5512	1.0
3301	5663	1.0
3301	607	0.5
3327	3340	1.0
3327	3341	1.0
3327	3344	1.0
3327	3353	0.5
3327	3357	0.5
3327	3363	1.0
3327	3379	1.0
3327	3394	1.0
3327	3418	1.0
3327	3421	1.0
3327	3519	1.0
3327	3751	1.0
3327	3755	1.0
3327	3768	1.0
3327	3788	1.0
3327	3948	0.5
3327	3957	0.5
3327	3959	1.0
3327	4110	1.0
3327	4150	1.0
3327	4234	1.0
3327	4317	1.0
3327	4909	1.0
3327	5502	1.0
3327	5512	1.0
3327	5663	1.0
3327	607	0.5
3340	3341	1.0
3340	3344	1.0
3340	3353	0.5
3340	3357	0.5
3340	3363	1.0
3340	3379	1.0
3340	3394	1.0
3340	3418	1.0
3340	3421	1.0
3340	3519	1.0
3340	3751	1.0
3340	3755	1.0
3340	3768	1.0
3340	3788	1.0
3340	3948	0.5
3340	3957	0.5
3340	3959	1.0
3340	4110	1.0
3340	4150	1.0
3340	4234	1.0
3340	4317	1.0
3340	4909	1.0
3340	5502	1.0
3340	5512	1.0
3340	5663	1.0
3340	607	0.5
3341	3344	1.0
3341	3353	0.5
3341	3357	0.5
3341	3363	1.0
3341	3379	1.0
3341	3394	1.0
3341	3418	1.0
3341	3421	1.0
3341	3519	1.0
3341	3751	1.0
3341	3755	1.0
3341	3768	1.0
3341	3788	1.0
3341	3948	0.5
3341	3957	0.5
3341	3959	1.0
3341	4110	1.0
3341	4150	1.0
3341	4234	1.0
3341	4317	1.0
3341	4909	1.0
3341	5502	1.0
3341	5512	1.0
3341	5663	1.0
3341	607	0.5
3344	3353	0.5
3344	3357	0.5
3344	3363	1.0
3344	3379	1.0
3344	3394	1.0
3344	3418	1.0
3344	3421	1.0
3344	3519	1.0
3344	3751	1.0
3344	3755	1.0
3344	3768	1.0
3344	3788	1.0
3344	3948	0.5
3344	3957	0.5
3344	3959	1.0
3344	4110	1.0
3344	4150	1.0
3344	4234	1.0
3344	4317	1.0
3344	4909	1.0
3344	5502	1.0
3344	5512	1.0
3344	5663	1.0
3344	607	0.5
3353	3357	0.5
3353	3363	0.5
3353	3379	0.5
3353	3394	0.5
3353	3418	0.5
3353	3421	0.5
3353	3519	0.5
3353	3751	0.5
3353	3755	0.5
3353	3768	0.5
3353	3788	0.5
3353	3948	0.5
3353	3957	0.5
3353	3959	0.5
3353	4110	0.5
3353	4150	0.5
3353	4234	0.5
3353	4317	0.5
3353	4909	0.5
3353	5502	0.5
3353	5512	0.5
3353	5663	0.5
3353	607	0.5
3357	3363	0.5
3357	3379	0.5
3357	3394	0.5
3357	3418	0.5
3357	3421	0.5
3357	3519	0.5
3357	3751	0.5
3357	3755	0.5
3357	3768	0.5
3357	3788	0.5
3357	3948	0.5
3357	3957	0.5
3357	3959	0.5
3357	4110	0.5
3357	4150	0.5
3357	4234	0.5
3357	4317	0.5
3357	4909	0.5
3357	5502	0.5
3357	5512	0.5
3357	5663	0.5
3357	607	0.5
3363	3379	1.0
3363	3394	1.0
3363	3418	1.0
3363	3421	1.0
3363	3519	1.0
3363	3751	1.0
3363	3755	1.0
3363	3768	1.0
3363	3788	1.0
3363	3948	0.5
3363	3957	0.5
3363	3959	1.0
3363	4110	1.0
3363	4150	1.0
3363	4234	1.0
3363	4317	1.0
3363	4909	1.0
3363	5502	1.0
3363	5512	1.0
3363	5663	1.0
3363	607	0.5
3379	3394	1.0
3379	3418	1.0
3379	3421	1.0
3379	3519	1.0
3379	3751	1.0
3379	3755	1.0
3379	3768	1.0
3379	3788	1.0
3379	3948	0.5
3379	3957	0.5
3379	3959	1.0
3379	4110	1.0
3379	4150	1.0
3379	4234	1.0
3379	4317	1.0
3379	4909	1.0
3379	5502	1.0
3379	5512	1.0
3379	5663	1.0
3379	607	0.5
3394	3418	1.0
3394	3421	1.0
3394	3519	1.0
3394	3751	1.0
3394	3755	1.0
3394	3768	1.0
3394	3788	1.0
3394	3948	0.5
3394	3957	0.5
3394	3959	1.0
3394	4110	1.0
3394	4150	1.0
3394	4234	1.0
3394	4317	1.0
3394	4909	1.0
3394	5502	1.0
3394	5512	1.0
3394	5663	1.0
3394	607	0.5
3418	3421	1.0
3418	3519	1.0
3418	3751	1.0
3418	3755	1.0
3418	3768	1.0
3418	3788	1.0
3418	3948	0.5
3418	3957	0.5
3418	3959	1.0
3418	4110	1.0
3418	4150	1.0
3418	4234	1.0
3418	4317	1.0
3418	4909	1.0
3418	5502	1.0
3418	5512	1.0
3418	5663	1.0
3418	607	0.5
3421	3519	1.0
3421	3751	1.0
3421	3755	1.0
3421	3768	1.0
3421	3788	1.0
3421	3948	0.5
3421	3957	0.5
3421	3959	1.0
3421	4110	1.0
3421	4150	1.0
3421	4234	1.0
3421	4317	1.0
3421	4909	1.0
3421	5502	1.0
3421	5512	1.0
3421	5663	1.0
3421	607	0.5
3519	3751	1.0
3519	3755	1.0
3519	3768	1.0
3519	3788	1.0
3519	3948	0.5
3519	3957	0.5
3519	3959	1.0
3519	4110	1.0
3519	4150	1.0
3519	4234	1.0
3519	4317	1.0
3519	4909	1.0
3519	5502	1.0
3519	5512	1.0
3519	5663	1.0
3519	607	0.5
3751	3755	1.0
3751	3768	1.0
3751	3788	1.0
3751	3948	0.5
3751	3957	0.5
3751	3959	1.0
3751	4110	1.0
3751	4150	1.0
3751	4234	1.0
3751	4317	1.0
3751	4909	1.0
3751	5502	1.0
3751	5512	1.0
3751	5663	1.0
3751	607	0.5
3755	3768	1.0
3755	3788	1.0
3755	3948	0.5
3755	3957	0.5
3755	3959	1.0
3755	4110	1.0
3755	4150	1.0
3755	4234	1.0
3755	4317	1.0
3755	4909	1.0
3755	5502	1.0
3755	5512	1.0
3755	5663	1.0
3755	607	0.5
3768	3788	1.0
3768	3948	0.5
3768	3957	0.5
3768	3959	1.0
3768	4110	1.0
3768	4150	1.0
3768	4234	1.0
3768	4317	1.0
3768	4909	1.0
3768	5502	1.0
3768	5512	1.0
3768	5663	1.0
3768	607	0.5
3788	3948	0.5
3788	3957	0.5
3788	3959	1.0
3788	4110	1.0
3788	4150	1.0
3788	4234	1.0
3788	4317	1.0
3788	4909	1.0
3788	5502	1.0
3788	5512	1.0
3788	5663	1.0
3788	607	0.5
3948	3957	0.5
3948	3959	0.5
3948	4110	0.5
3948	4150	0.5
3948	4234	0.5
3948	4317	0.5
3948	4909	0.5
3948	5502	0.5
3948	5512	0.5
3948	5663	0.5
3948	607	0.5
3957	3959	0.5
3957	4110	0.5
3957	4150	0.5
3957	4234	0.5
3957	4317	0.5
3957	4909	0.5
3957	5502	0.5
3957	5512	0.5
3957	5663	0.5
3957	607	0.5
3959	4110	1.0
3959	4150	1.0
3959	4234	1.0
3959	4317	1.0
3959	4909	1.0
3959	5502	1.0
3959	5512	1.0
3959	5663	1.0
3959	607	0.5
4110	4150	1.0
4110	4234	1.0
4110	4317	1.0
4110	4909	1.0
4110	5502	1.0
4110	5512	1.0
4110	5663	1.0
4110	607	0.5
4150	4234	1.0
4150	4317	1.0
4150	4909	1.0
4150	5502	1.0
4150	5512	1.0
4150	5663	1.0
4150	607	0.5
4234	4317	1.0
4234	4909	1.0
4234	5502	1.0
4234	5512	1.0
4234	5663	1.0
4234	607	0.5
4317	4909	1.0
4317	5502	1.0
4317	5512	1.0
4317	5663	1.0
4317	607	0.5
4909	5502	1.0
4909	5512	1.0
4909	5663	1.0
4909	607	0.5
5502	5512	1.0
5502	5663	1.0
5502	607	0.5
5512	5663	1.0
5512	607	0.5
5663	607	0.5
3033	3339	1.0
3033	3355	1.0
3033	3772	1.0
3339	3355	1.0
3339	3772	1.0
3355	3772	1.0
2630	3118	1.0
2630	3202	1.0
2630	3289	0.5
2630	3409	1.0
3118	3202	1.0
3118	3289	0.5
3118	3409	1.0
3202	3289	0.5
3202	3409	1.0
3289	3409	0.5
2622	2688	1.0
2622	2704	1.0
2622	2728	1.0
2622	2742	1.0
2622	2758	1.0
2622	2805	1.0
2622	2818	1.0
2622	2865	1.0
2622	2971	1.0
2622	2984	1.0
2622	3080	0.5
2622	3103	1.0
2622	3152	1.0
2622	3198	1.0
2622	3261	1.0
2622	3292	1.0
2622	3357	0.5
2622	3397	1.0
2622	4456	0.333333333333
2622	5626	0.5
2688	2704	1.0
2688	2728	1.0
2688	2742	1.0
2688	2758	1.0
2688	2805	1.0
2688	2818	1.0
2688	2865	1.0
2688	2971	1.0
2688	2984	1.0
2688	3080	0.5
2688	3103	1.0
2688	3152	1.0
2688	3198	1.0
2688	3261	1.0
2688	3292	1.0
2688	3357	0.5
2688	3397	1.0
2688	4456	0.333333333333
2688	5626	0.5
2704	2728	1.0
2704	2742	1.0
2704	2758	1.0
2704	2805	1.0
2704	2818	1.0
2704	2865	1.0
2704	2971	1.0
2704	2984	1.0
2704	3080	0.5
2704	3103	1.0
2704	3152	1.0
2704	3198	1.0
2704	3261	1.0
2704	3292	1.0
2704	3357	0.5
2704	3397	1.0
2704	4456	0.333333333333
2704	5626	0.5
2728	2742	1.0
2728	2758	1.0
2728	2805	1.0
2728	2818	1.0
2728	2865	1.0
2728	2971	1.0
2728	2984	1.0
2728	3080	0.5
2728	3103	1.0
2728	3152	1.0
2728	3198	1.0
2728	3261	1.0
2728	3292	1.0
2728	3357	0.5
2728	3397	1.0
2728	4456	0.333333333333
2728	5626	0.5
2742	2758	1.0
2742	2805	1.0
2742	2818	1.0
2742	2865	1.0
2742	2971	1.0
2742	2984	1.0
2742	3080	0.5
2742	3103	1.0
2742	3152	1.0
2742	3198	1.0
2742	3261	1.0
2742	3292	1.0
2742	3357	0.5
2742	3397	1.0
2742	4456	0.333333333333
2742	5626	0.5
2758	2805	1.0
2758	2818	1.0
2758	2865	1.0
2758	2971	1.0
2758	2984	1.0
2758	3080	0.5
2758	3103	1.0
2758	3152	1.0
2758	3198	1.0
2758	3261	1.0
2758	3292	1.0
2758	3357	0.5
2758	3397	1.0
2758	4456	0.333333333333
2758	5626	0.5
2805	2818	1.0
2805	2865	1.0
2805	2971	1.0
2805	2984	1.0
2805	3080	0.5
2805	3103	1.0
2805	3152	1.0
2805	3198	1.0
2805	3261	1.0
2805	3292	1.0
2805	3357	0.5
2805	3397	1.0
2805	4456	0.333333333333
2805	5626	0.5
2818	2865	1.0
2818	2971	1.0
2818	2984	1.0
2818	3080	0.5
2818	3103	1.0
2818	3152	1.0
2818	3198	1.0
2818	3261	1.0
2818	3292	1.0
2818	3357	0.5
2818	3397	1.0
2818	4456	0.333333333333
2818	5626	0.5
2865	2971	1.0
2865	2984	1.0
2865	3080	0.5
2865	3103	1.0
2865	3152	1.0
2865	3198	1.0
2865	3261	1.0
2865	3292	1.0
2865	3357	0.5
2865	3397	1.0
2865	4456	0.333333333333
2865	5626	0.5
2971	2984	1.0
2971	3080	0.5
2971	3103	1.0
2971	3152	1.0
2971	3198	1.0
2971	3261	1.0
2971	3292	1.0
2971	3357	0.5
2971	3397	1.0
2971	4456	0.333333333333
2971	5626	0.5
2984	3080	0.5
2984	3103	1.0
2984	3152	1.0
2984	3198	1.0
2984	3261	1.0
2984	3292	1.0
2984	3357	0.5
2984	3397	1.0
2984	4456	0.333333333333
2984	5626	0.5
3080	3103	0.5
3080	3152	0.5
3080	3198	0.5
3080	3261	0.5
3080	3292	0.5
3080	3357	0.5
3080	3397	0.5
3080	4456	0.333333333333
3080	5626	0.5
3103	3152	1.0
3103	3198	1.0
3103	3261	1.0
3103	3292	1.0
3103	3357	0.5
3103	3397	1.0
3103	4456	0.333333333333
3103	5626	0.5
3152	3198	1.0
3152	3261	1.0
3152	3292	1.0
3152	3357	0.5
3152	3397	1.0
3152	4456	0.333333333333
3152	5626	0.5
3198	3261	1.0
3198	3292	1.0
3198	3357	0.5
3198	3397	1.0
3198	4456	0.333333333333
3198	5626	0.5
3261	3292	1.0
3261	3357	0.5
3261	3397	1.0
3261	4456	0.333333333333
3261	5626	0.5
3292	3357	0.5
3292	3397	1.0
3292	4456	0.333333333333
3292	5626	0.5
3357	3397	0.5
3357	4456	0.333333333333
3357	5626	0.5
3397	4456	0.333333333333
3397	5626	0.5
4456	5626	0.333333333333
2558	2566	1.0
2558	2681	0.5
2558	2759	1.0
2558	2769	1.0
2558	2876	0.5
2558	2910	1.0
2558	2969	1.0
2558	3105	1.0
2558	3138	1.0
2558	3161	1.0
2558	3311	1.0
2558	3378	1.0
2558	3435	1.0
2558	4066	1.0
2558	4191	1.0
2558	4598	1.0
2566	2681	0.5
2566	2759	1.0
2566	2769	1.0
2566	2876	0.5
2566	2910	1.0
2566	2969	1.0
2566	3105	1.0
2566	3138	1.0
2566	3161	1.0
2566	3311	1.0
2566	3378	1.0
2566	3435	1.0
2566	4066	1.0
2566	4191	1.0
2566	4598	1.0
2681	2759	0.5
2681	2769	0.5
2681	2876	0.5
2681	2910	0.5
2681	2969	0.5
2681	3105	0.5
2681	3138	0.5
2681	3161	0.5
2681	3311	0.5
2681	3378	0.5
2681	3435	0.5
2681	4066	0.5
2681	4191	0.5
2681	4598	0.5
2759	2769	1.0
2759	2876	0.5
2759	2910	1.0
2759	2969	1.0
2759	3105	1.0
2759	3138	1.0
2759	3161	1.0
2759	3311	1.0
2759	3378	1.0
2759	3435	1.0
2759	4066	1.0
2759	4191	1.0
2759	4598	1.0
2769	2876	0.5
2769	2910	1.0
2769	2969	1.0
2769	3105	1.0
2769	3138	1.0
2769	3161	1.0
2769	3311	1.0
2769	3378	1.0
2769	3435	1.0
2769	4066	1.0
2769	4191	1.0
2769	4598	1.0
2876	2910	0.5
2876	2969	0.5
2876	3105	0.5
2876	3138	0.5
2876	3161	0.5
2876	3311	0.5
2876	3378	0.5
2876	3435	0.5
2876	4066	0.5
2876	4191	0.5
2876	4598	0.5
2910	2969	1.0
2910	3105	1.0
2910	3138	1.0
2910	3161	1.0
2910	3311	1.0
2910	3378	1.0
2910	3435	1.0
2910	4066	1.0
2910	4191	1.0
2910	4598	1.0
2969	3105	1.0
2969	3138	1.0
2969	3161	1.0
2969	3311	1.0
2969	3378	1.0
2969	3435	1.0
2969	4066	1.0
2969	4191	1.0
2969	4598	1.0
3105	3138	1.0
3105	3161	1.0
3105	3311	1.0
3105	3378	1.0
3105	3435	1.0
3105	4066	1.0
3105	4191	1.0
3105	4598	1.0
3138	3161	1.0
3138	3311	1.0
3138	3378	1.0
3138	3435	1.0
3138	4066	1.0
3138	4191	1.0
3138	4598	1.0
3161	3311	1.0
3161	3378	1.0
3161	3435	1.0
3161	4066	1.0
3161	4191	1.0
3161	4598	1.0
3311	3378	1.0
3311	3435	1.0
3311	4066	1.0
3311	4191	1.0
3311	4598	1.0
3378	3435	1.0
3378	4066	1.0
3378	4191	1.0
3378	4598	1.0
3435	4066	1.0
3435	4191	1.0
3435	4598	1.0
4066	4191	1.0
4066	4598	1.0
4191	4598	1.0
3025	3106	1.0
2565	2967	0.5
2565	3080	0.5
2565	3107	0.5
2967	3080	0.5
2967	3107	1.0
3080	3107	0.5
